2000,2,2
0,1,1.6839,4.5051
1,1,-2.9076,-2.9201
2,1,2.4018,2.9163
3,1,5.7708,-1.59
4,1,4.5077,3.4444
5,1,4.4028,-4.5037
6,1,3.3271,-3.7796
7,1,-3.0481,-4.7622
8,1,2.7807,-4.6509
9,1,4.438,1.5632
10,1,-2.5415,-3.2572
11,1,1.1573,-4.4122
12,1,4.3993,-4.5182
13,1,-1.64,-3.9762
14,1,5.2856,-0.15336
15,1,-3.7326,-3.3786
16,1,2.5676,-3.7994
17,1,3.292,3.1972
18,1,3.5036,-1.7201
19,1,5.0097,0.46222
20,1,2.7745,-4.1982
21,1,-5.1644,-2.1569
22,1,3.571,-2.1061
23,1,2.1416,5.1146
24,1,0.52187,-5.1482
25,1,5.9486,-0.68744
26,1,1.0743,-3.5038
27,1,3.9103,-4.2678
28,1,-2.2079,-5.4144
29,1,-1.3891,-4.2242
30,1,4.4239,-1.1795
31,1,3.2575,-3.5754
32,1,1.3296,-4.7759
33,1,2.7373,-3.8981
34,1,-0.92277,-5.8853
35,1,-0.73834,-3.8485
36,1,3.787,2.902
37,1,4.5256,-2.4287
38,1,3.9668,-4.4768
39,1,3.5364,4.6274
40,1,-0.53246,-3.5471
41,1,5.0139,2.5468
42,1,4.6486,-3.2762
43,1,5.3863,1.3003
44,1,2.4513,-5.0914
45,1,3.4692,-3.0885
46,1,5.7841,0.67155
47,1,2.4525,-3.4551
48,1,3.7452,3.7227
49,1,2.3161,-4.6002
50,1,-3.1512,-3.5644
51,1,0.60743,-5.3922
52,1,2.5757,-2.7988
53,1,-0.27998,-5.9766
54,1,-3.5267,-5.2132
55,1,2.6865,-4.7754
56,1,-4.8337,-4.4269
57,1,3.4603,-4.5931
58,1,-1.7549,-3.8439
59,1,3.6167,-1.7889
60,1,3.768,2.5356
61,1,3.5887,0.17759
62,1,1.4285,-4.848
63,1,4.3014,-2.771
64,1,2.7875,-4.093
65,1,4.3576,0.95859
66,1,-2.4388,-2.9765
67,1,0.3053,-5.6165
68,1,0.62024,-4.8688
69,1,5.5384,-2.9782
70,1,0.65255,-3.7669
71,1,4.3238,-1.6173
72,1,-4.0718,-2.3108
73,1,3.628,4.2053
74,1,3.8493,-2.5432
75,1,0.83236,-4.8905
76,1,-5.53,-3.3625
77,1,2.0787,-5.4629
78,1,2.1523,-5.0252
79,1,1.1748,-4.645
80,1,4.1011,1.5845
81,1,4.3,2.4504
82,1,3.241,-4.1007
83,1,5.9041,2.6426
84,1,2.6928,-3.3884
85,1,-2.9861,-4.7606
86,1,0.42402,-3.713
87,1,2.7215,3.1967
88,1,4.9727,2.1674
89,1,4.0973,-1.3071
90,1,-3.763,-2.8241
91,1,2.3622,-4.4549
92,1,4.6249,0.36342
93,1,6.3414,-0.055376
94,1,4.5253,0.21836
95,1,5.1769,-1.7329
96,1,-3.7972,-3.523
97,1,2.7717,-4.4553
98,1,4.6667,-0.97367
99,1,1.5476,-4.6356
100,1,1.178,-4.5151
101,1,3.5532,3.2556
102,1,4.9626,-1.0943
103,1,-3.2446,-2.379
104,1,-3.6498,-2.016
105,1,4.8492,1.4972
106,1,3.4376,0.77355
107,1,-2.1904,-5.2228
108,1,4.4191,-2.7389
109,1,-3.2827,-4.2081
110,1,4.6815,-2.6732
111,1,3.3898,-5.062
112,1,4.397,-1.6739
113,1,4.6896,-2.4084
114,1,5.2128,-3.0754
115,1,0.32259,-4.6965
116,1,-0.61774,-4.5875
117,1,4.8978,-1.2646
118,1,3.7224,-2.1021
119,1,5.362,-1.1905
120,1,4.1787,3.4856
121,1,-4.3076,-2.541
122,1,2.0375,-5.4095
123,1,3.6042,-0.94537
124,1,-4.6583,-2.8592
125,1,-0.41847,-3.9911
126,1,4.6776,-2.4777
127,1,5.2694,-0.726
128,1,3.7799,-3.4919
129,1,2.8265,2.5521
130,1,3.2366,-4.0155
131,1,-4.0949,-3.6511
132,1,4.5022,1.8876
133,1,-1.5163,-4.4358
134,1,-3.5239,-3.4831
135,1,-3.123,-3.1023
136,1,1.543,-3.8802
137,1,1.4992,-4.5385
138,1,-1.1648,-4.5454
139,1,3.5822,0.080889
140,1,2.131,5.1664
141,1,4.6539,-0.29193
142,1,2.5419,-4.292
143,1,5.0389,1.5749
144,1,-4.0646,-1.4859
145,1,3.1373,3.7975
146,1,4.7348,0.45197
147,1,3.3969,-4.3396
148,1,0.11664,-5.6311
149,1,-4.2376,-3.0968
150,1,-0.16075,-4.8529
151,1,-2.3543,-4.4106
152,1,2.1031,-4.7268
153,1,3.7919,-3.0452
154,1,-0.90096,-5.0215
155,1,3.9273,-1.7357
156,1,3.5923,3.2262
157,1,-3.6507,-2.6708
158,1,-0.71833,-4.927
159,1,2.4203,-5.1585
160,1,3.9415,-1.8186
161,1,2.5595,-4.6561
162,1,-4.266,-3.5919
163,1,-1.3764,-3.3573
164,1,-3.7937,-4.5112
165,1,3.46,2.5335
166,1,-2.0009,-5.2675
167,1,4.1185,-2.2255
168,1,6.2007,0.40613
169,1,1.8067,3.8085
170,1,-0.63149,-5.0769
171,1,-3.6936,-4.5563
172,1,2.6843,4.7837
173,1,5.3902,2.4585
174,1,-4.4462,-2.7302
175,1,4.7885,2.6614
176,1,-3.6892,-2.1752
177,1,4.7352,-0.52527
178,1,-3.9914,-3.3132
179,1,4.5011,0.19587
180,1,-1.2417,-5.5208
181,1,2.0533,4.1291
182,1,4.4095,2.6632
183,1,-2.6914,-4.0035
184,1,4.4935,-1.2624
185,1,2.9434,-4.9907
186,1,-0.61719,-4.8849
187,1,-3.6664,-2.3912
188,1,2.2011,3.764
189,1,3.1783,3.5275
190,1,4.4106,2.7419
191,1,-0.61708,-5.0339
192,1,3.941,1.8983
193,1,3.5991,-4.71
194,1,0.87194,-4.5812
195,1,-3.8834,-1.908
196,1,2.3461,-4.3998
197,1,5.1541,-0.99772
198,1,2.9895,-3.7785
199,1,2.721,-4.4578
200,1,-4.593,-2.6944
201,1,3.7703,2.2424
202,1,-3.2256,-2.0092
203,1,-3.5417,-3.9098
204,1,-3.6881,-3.0524
205,1,0.84991,-5.1489
206,1,-1.8786,-4.8082
207,1,3.9804,4.2704
208,1,3.3522,2.339
209,1,-2.0993,-6.3931
210,1,-2.772,-4.0208
211,1,4.7354,3.9029
212,1,-1.246,-6.3157
213,1,3.8771,0.18656
214,1,5.4469,1.7413
215,1,-1.9666,-4.6946
216,1,5.4239,-2.0255
217,1,1.5406,-6.2705
218,1,3.3127,4.7665
219,1,-0.71097,-4.5398
220,1,-4.8154,-2.2658
221,1,4.1235,-1.5205
222,1,3.1732,-3.4501
223,1,-1.9373,-3.9992
224,1,3.9981,3.169
225,1,-4.4145,-2.548
226,1,5.1861,1.5643
227,1,-0.074153,-4.6706
228,1,3.5636,-2.2143
229,1,0.66014,-4.3037
230,1,1.6619,-5.3066
231,1,4.1735,2.2153
232,1,0.98872,-4.6566
233,1,3.852,1.7866
234,1,-2.5333,-3.8619
235,1,2.4097,-4.6622
236,1,-2.9107,-3.7206
237,1,-3.3429,-2.2577
238,1,-2.4623,-4.0912
239,1,2.639,-4.5984
240,1,-2.9463,-4.5872
241,1,5.3125,1.6218
242,1,-4.0257,-3.0441
243,1,-4.5771,-2.0817
244,1,-3.6701,-3.6596
245,1,3.028,3.4878
246,1,1.7675,-4.0289
247,1,5.7335,-2.3622
248,1,1.4042,3.7426
249,1,-3.85,-1.7266
250,1,-1.3106,-4.6075
251,1,2.8902,3.4918
252,1,0.26128,-4.5183
253,1,4.0567,-0.51406
254,1,-4.4185,-2.0799
255,1,4.7981,4.881
256,1,1.9079,-5.5694
257,1,3.0523,-3.2237
258,1,5.3558,-2.6105
259,1,-3.6414,-4.1859
260,1,4.7762,-0.16416
261,1,3.6467,-3.5885
262,1,-3.4215,-2.1209
263,1,0.92481,-5.0967
264,1,2.2085,5.0682
265,1,4.153,-1.709
266,1,-2.1654,-4.2012
267,1,3.8216,-1.0868
268,1,-1.2243,-4.0637
269,1,-0.48837,-4.2674
270,1,5.2814,1.0374
271,1,-4.5363,-2.9434
272,1,4.3049,1.3495
273,1,-3.7818,-4.7953
274,1,6.2369,-1.6947
275,1,-2,-4.0001
276,1,5.6608,-2.6749
277,1,-3.9282,-2.4699
278,1,-2.7897,-2.8483
279,1,3.6416,1.9144
280,1,0.98814,-4.6343
281,1,5.083,3.3305
282,1,4.4304,-2.6231
283,1,2.6025,-4.403
284,1,2.5433,-3.0207
285,1,-1.8284,-4.5054
286,1,-2.1462,-5.3348
287,1,-4.0827,-3.1979
288,1,2.3444,-3.1817
289,1,4.3698,-2.1987
290,1,-4.5499,-2.1152
291,1,3.6164,2.743
292,1,2.2767,-4.7692
293,1,5.268,0.059372
294,1,-4.9114,-3.9218
295,1,1.08,-3.6617
296,1,3.9237,-2.0671
297,1,-3.9015,-2.6418
298,1,-0.72877,-4.956
299,1,2.9567,-4.9269
300,1,3.9903,4.6815
301,1,2.3252,3.9293
302,1,2.41,3.8865
303,1,2.5272,-3.706
304,1,4.627,0.8524
305,1,2.5985,3.281
306,1,4.9705,0.42021
307,1,4.5742,1.8052
308,1,4.3766,-0.061477
309,1,3.7284,-5.1427
310,1,-4.7175,-1.3296
311,1,5.8467,0.53658
312,1,4.4912,-1.9531
313,1,-4.4311,-1.0556
314,1,4.2084,-2.4522
315,1,-4.34,-0.22322
316,1,3.1716,-5.3987
317,1,-4.4466,-1.1597
318,1,3.2157,-3.744
319,1,3.9209,3.3385
320,1,5.348,-0.81948
321,1,0.12801,-5.2446
322,1,4.7511,-2.1355
323,1,-3.2565,-4.5973
324,1,3.3004,4.4726
325,1,5.0584,-2.4587
326,1,2.9096,-4.5149
327,1,-1.3869,-5.0517
328,1,0.08821,-5.4181
329,1,5.4191,-0.83585
330,1,-3.6856,-2.6368
331,1,3.9701,1.7748
332,1,-3.3053,-4.1661
333,1,5.4464,1.6145
334,1,5.3328,-2.1846
335,1,1.2876,4.0345
336,1,3.1677,-5.2715
337,1,5.5494,-0.97964
338,1,1.2519,-6.2266
339,1,-4.2121,-4.1185
340,1,3.2306,-4.5598
341,1,4.3755,-0.79769
342,1,-3.0941,-3.9446
343,1,3.2098,3.658
344,1,4.7918,0.5201
345,1,-0.08718,-4.8981
346,1,4.3559,3.4385
347,1,-1.0767,-6.2112
348,1,4.4159,0.33413
349,1,5.1104,-0.57085
350,1,5.4061,-0.0036407
351,1,3.6975,2.9586
352,1,4.2835,-0.41895
353,1,1.1298,-5.0278
354,1,2.0477,4.6764
355,1,1.8616,-3.7036
356,1,4.4464,2.5504
357,1,4.3031,-1.6147
358,1,5.1656,-3.5252
359,1,-2.0486,-3.8234
360,1,5.3289,0.79813
361,1,6.4343,0.94797
362,1,-3.4253,-2.4689
363,1,4.0852,2.9608
364,1,1.0135,3.1072
365,1,-0.052811,-5.4938
366,1,5.1613,0.4788
367,1,-4.3825,-0.92232
368,1,4.3838,0.99592
369,1,3.0915,-4.3278
370,1,2.5084,-5.058
371,1,2.8717,-2.3114
372,1,4.7316,-2.0959
373,1,4.8142,2.2348
374,1,3.8998,0.27477
375,1,-0.0019971,-4.4019
376,1,-4.7018,-0.92198
377,1,4.1095,-3.7617
378,1,1.4846,-4.1504
379,1,0.20997,-4.2761
380,1,-3.6261,-0.81873
381,1,5.1361,-0.27459
382,1,3.6287,-2.4254
383,1,4.4062,3.3815
384,1,3.5261,4.0833
385,1,1.7001,-4.7541
386,1,1.4569,-4.5811
387,1,-3.6615,-4.4964
388,1,2.5696,-4.6771
389,1,3.6255,2.8844
390,1,-1.0287,-4.5563
391,1,3.5616,3.5395
392,1,5.191,2.9068
393,1,2.0073,3.7174
394,1,4.2032,3.0238
395,1,4.2817,0.81704
396,1,4.7677,-0.21312
397,1,4.4152,-0.17609
398,1,4.5384,2.9303
399,1,0.58874,-5.0695
400,1,3.4291,2.4896
401,1,-0.93385,-5.3842
402,1,-1.9362,-3.6971
403,1,3.6643,-3.4063
404,1,4.8006,-2.8134
405,1,3.3872,-2.752
406,1,-4.193,-3.8906
407,1,3.4436,-3.9682
408,1,4.8935,3.4626
409,1,3.7992,1.8532
410,1,4.4265,2.2439
411,1,5.0502,-0.71191
412,1,3.3834,-0.66572
413,1,2.8667,-4.6723
414,1,3.5408,2.4453
415,1,0.019349,-4.6296
416,1,6.1031,-0.34615
417,1,0.90843,-4.276
418,1,4.8035,-2.7077
419,1,-0.33623,-4.3103
420,1,3.3826,2.2187
421,1,5.0132,2.4284
422,1,5.3853,2.7197
423,1,-4.9117,-1.5776
424,1,-3.6604,-1.6048
425,1,-4.1358,-2.1635
426,1,4.8564,-3.0239
427,1,5.3862,1.5295
428,1,4.6057,-2.3041
429,1,-0.91157,-4.9008
430,1,-3.8669,-4.0993
431,1,-2.904,-4.0862
432,1,-4.0893,-2.3119
433,1,5.1941,1.447
434,1,4.7685,3.4953
435,1,4.4168,2.4458
436,1,4.9989,1.2711
437,1,-0.020151,-4.5863
438,1,4.9788,1.2047
439,1,2.4256,-5.643
440,1,4.2806,2.0419
441,1,2.9376,-4.1828
442,1,3.3477,-2.2387
443,1,-3.6484,-4.0679
444,1,1.7145,4.1543
445,1,4.4707,-1.1313
446,1,3.4604,2.0485
447,1,2.6425,3.543
448,1,-3.406,-4.0603
449,1,5.6304,-2.4879
450,1,2.6378,-3.3237
451,1,2.49,4.5527
452,1,1.7163,-4.0101
453,1,3.3634,-1.57
454,1,2.8288,-5.527
455,1,2.8217,3.2023
456,1,2.8284,4.3291
457,1,3.7498,-3.3201
458,1,-2.874,-4.5201
459,1,0.89587,-4.5985
460,1,3.8554,-3.5624
461,1,4.3073,2.001
462,1,1.4114,-4.8742
463,1,2.4809,4.6078
464,1,-1.5925,-3.8582
465,1,4.314,-1.498
466,1,3.0554,-4.109
467,1,-2.7456,-3.4039
468,1,-1.8818,-5.6612
469,1,-4.8558,-2.0759
470,1,-1.7031,-4.8048
471,1,4.0798,-3.2714
472,1,3.8536,-3.0844
473,1,4.1992,-3.7828
474,1,5.2952,1.6819
475,1,5.6118,-1.4349
476,1,5.0123,3.3453
477,1,4.2254,-5.4781
478,1,4.2976,-2.0672
479,1,3.3475,5.1247
480,1,5.1601,-0.96305
481,1,4.257,4.1122
482,1,2.0743,-5.754
483,1,3.7917,1.4192
484,1,2.1033,-5.1691
485,1,5.1569,-0.31348
486,1,-0.4584,-5.9014
487,1,0.82657,-4.402
488,1,3.7979,4.1824
489,1,3.7772,-2.5291
490,1,2.8526,3.7397
491,1,2.354,3.4837
492,1,2.8138,-4.0745
493,1,4.1402,3.6197
494,1,-0.17856,-4.3281
495,1,2.3702,5.1047
496,1,4.1713,4.2725
497,1,-1.8214,-3.8673
498,1,-1.2764,-4.4153
499,1,6.5806,1.8734
500,1,3.4138,-3.004
501,1,3.5778,-3.1374
502,1,4.4227,2.049
503,1,-2.8568,-3.2265
504,1,5.6494,0.60187
505,1,-4.8156,-2.2678
506,1,-0.20537,-4.6413
507,1,1.7216,-5.2493
508,1,3.3673,-3.2381
509,1,-0.90592,-5.203
510,1,5.579,0.78985
511,1,4.5406,4.0884
512,1,5.5996,-1.1924
513,1,4.1158,4.2144
514,1,4.7763,-1.5388
515,1,-4.6308,-1.5955
516,1,1.7735,-6.3516
517,1,2.4746,-3.6859
518,1,3.6918,-2.7221
519,1,4.9696,-2.039
520,1,5.2547,-0.28699
521,1,-3.8739,-2.7664
522,1,4.8969,-2.1233
523,1,1.0201,-5.7385
524,1,2.7493,3.181
525,1,4.7785,1.1823
526,1,3.5421,3.1201
527,1,4.0129,4.1246
528,1,3.749,2.7363
529,1,2.9254,-3.016
530,1,4.0663,2.0849
531,1,1.65,-4.7645
532,1,0.8483,-5.2339
533,1,-3.9165,-3.2488
534,1,0.10363,-3.1728
535,1,-3.5767,-2.7575
536,1,4.3339,1.3976
537,1,4.898,3.0477
538,1,-3.4606,-3.6649
539,1,-3.6087,-3.8387
540,1,3.3081,-2.669
541,1,4.6493,3.6822
542,1,4.5612,3.9483
543,1,1.9478,5.6058
544,1,-1.9382,-5.0829
545,1,-2.556,-4.5788
546,1,-4.5146,-1.9819
547,1,5.1728,-1.5087
548,1,5.2344,-2.8121
549,1,1.5401,-4.673
550,1,1.5909,-4.6211
551,1,-3.2904,-1.7037
552,1,2.1797,-5.387
553,1,-5.1582,-3.187
554,1,-3.1405,-3.0639
555,1,-5.0316,-2.449
556,1,3.9653,0.56503
557,1,-3.1475,-2.9781
558,1,2.7004,4.3834
559,1,-2.004,-3.5348
560,1,4.0322,2.655
561,1,-3.4836,-4.4679
562,1,1.4673,-5.0889
563,1,2.1535,-4.4921
564,1,4.3785,-3.0191
565,1,2.8159,-3.4902
566,1,3.1406,-4.8815
567,1,0.41706,-4.5228
568,1,2.9045,-3.8055
569,1,5.2192,0.95855
570,1,5.1492,-1.9933
571,1,1.0944,-5.0719
572,1,3.8439,-4.1631
573,1,4.5638,3.6227
574,1,-2.5323,-5.3603
575,1,-2.6815,-4.8478
576,1,4.0135,-0.7356
577,1,4.1743,1.6989
578,1,-2.6874,-4.7919
579,1,4.519,-0.76044
580,1,5.897,-0.6969
581,1,-3.5719,-5.399
582,1,-1.5849,-5.8744
583,1,4.8659,1.8727
584,1,-4.0283,-3.2378
585,1,3.0653,3.2605
586,1,-2.4295,-4.4381
587,1,-1.9797,-3.2383
588,1,4.6951,-2.1679
589,1,2.7388,2.5711
590,1,2.5502,4.0577
591,1,2.8335,2.4829
592,1,-0.75287,-4.3075
593,1,2.1188,-2.2943
594,1,2.2849,-4.1407
595,1,-3.5513,-3.3398
596,1,3.809,1.5076
597,1,3.4852,3.4907
598,1,3.5679,-2.6216
599,1,4.8416,0.4056
600,1,5.9106,1.763
601,1,5.3655,0.75278
602,1,3.4398,3.1907
603,1,3.3983,1.9706
604,1,6.1478,-2.0949
605,1,-4.5001,-1.7739
606,1,-3.1627,-4.1616
607,1,-1.4081,-4.7111
608,1,1.9793,-4.3474
609,1,5.0836,0.92872
610,1,4.9903,0.7296
611,1,3.2366,4.0289
612,1,-3.1471,-5.4234
613,1,0.47335,-3.8087
614,1,-1.6812,-5.76
615,1,4.6749,0.13062
616,1,-1.0179,-4.6391
617,1,3.7905,-3.1193
618,1,4.872,2.103
619,1,-2.658,-3.1748
620,1,3.9686,2.1951
621,1,4.303,0.80576
622,1,5.84,-0.25733
623,1,-2.9986,-2.6577
624,1,5.4318,2.2029
625,1,-0.49342,-5.3424
626,1,-1.6976,-5.111
627,1,-1.6951,-5.0769
628,1,-1.2969,-4.3256
629,1,-0.10111,-5.1516
630,1,-2.2669,-3.3614
631,1,4.7998,-1.1469
632,1,-3.7777,-4.6168
633,1,2.3861,-3.3538
634,1,-3.1008,-3.0879
635,1,-4.9451,-2.9573
636,1,-1.6397,-4.4155
637,1,5.1373,-2.3497
638,1,2.6998,-3.3358
639,1,3.3262,-4.9757
640,1,1.3314,-4.6609
641,1,5.396,2.6356
642,1,3.5909,-4.6015
643,1,3.5059,-3.6478
644,1,-2.4444,-4.8102
645,1,1.8668,-5.0278
646,1,3.7863,2.4624
647,1,3.9647,3.1201
648,1,0.66155,-5.2053
649,1,3.2379,0.99775
650,1,4.4428,-3.8305
651,1,-1.917,-5.5791
652,1,1.1918,-5.6148
653,1,4.2367,0.11192
654,1,-2.6562,-4.4781
655,1,6.0295,-1.5772
656,1,3.8066,3.3765
657,1,-0.15068,-4.648
658,1,0.14696,-5.8569
659,1,4.2582,3.6333
660,1,-1.4706,-4.2577
661,1,4.4735,3.2905
662,1,-4.0267,-3.7631
663,1,-2.4865,-2.8607
664,1,2.7921,-4.8195
665,1,-4.0173,-4.5268
666,1,3.9915,1.3866
667,1,5.7413,0.99456
668,1,3.7615,2.3593
669,1,1.1572,-4.8236
670,1,5.4922,0.13272
671,1,-0.68766,-5.6889
672,1,3.7161,-4.0581
673,1,3.9281,-1.8825
674,1,-4.8277,-3.2971
675,1,-2.7722,-4.2821
676,1,3.1325,-3.4194
677,1,3.4298,3.3655
678,1,3.3798,3.1832
679,1,-0.41591,-4.395
680,1,-0.91815,-6.1341
681,1,-5.7965,-2.6401
682,1,-4.1789,-2.5005
683,1,4.9904,-2.0445
684,1,4.03,2.6641
685,1,3.3905,-1.2367
686,1,-3.6534,-3.6562
687,1,3.666,-5.4839
688,1,0.59839,-4.8837
689,1,-3.5187,-2.6644
690,1,5.8078,0.90484
691,1,4.8313,-0.026638
692,1,5.2473,0.79604
693,1,-4.1371,-1.6796
694,1,-2.191,-4.217
695,1,-3.436,-1.4861
696,1,4.1713,1.855
697,1,-1.9391,-4.283
698,1,4.24,-0.47044
699,1,1.5138,-4.2739
700,1,5.0201,0.66823
701,1,-0.70119,-5.6924
702,1,5.1631,-0.072209
703,1,1.1766,-4.5957
704,1,-2.0955,-4.3188
705,1,2.7445,4.4597
706,1,-3.7717,-3.246
707,1,3.4991,4.1768
708,1,4.8236,3.1177
709,1,2.1807,-5.1698
710,1,6.0226,-1.1075
711,1,-4.2675,-1.5802
712,1,0.84508,-5.0527
713,1,-4.4559,-2.4456
714,1,4.092,3.2477
715,1,2.9246,1.6471
716,1,-4.3906,-3.8676
717,1,-0.55825,-4.7548
718,1,2.6844,4.2476
719,1,2.6598,3.5678
720,1,4.6325,2.8759
721,1,4.0439,0.060046
722,1,-2.6387,-3.254
723,1,3.1682,2.9052
724,1,2.4226,-4.9461
725,1,-3.9579,-4.0851
726,1,-3.7968,-1.6395
727,1,-3.5275,-4.479
728,1,4.2404,4.1283
729,1,4.709,-3.7087
730,1,4.6459,0.11584
731,1,5.5674,-2.7389
732,1,-4.4803,-3.5993
733,1,5.6212,-0.15782
734,1,3.0291,-4.9935
735,1,-1.7803,-4.5576
736,1,0.12119,-6.199
737,1,-4.4943,-2.877
738,1,1.8844,4.0586
739,1,-3.4472,-5.1899
740,1,2.5656,5.1091
741,1,-1.8139,-5.3301
742,1,-0.22618,-5.9136
743,1,5.2004,2.7594
744,1,-3.0781,-4.6113
745,1,4.5006,3.6369
746,1,-4.5286,-3.7801
747,1,4.323,2.4454
748,1,0.56468,-5.5323
749,1,0.85613,-6.1414
750,1,5.3169,2.5231
751,1,5.0397,-0.014328
752,1,4.1381,1.6602
753,1,-2.9404,-1.1871
754,1,1.5584,-3.7663
755,1,-3.5938,-2.0462
756,1,4.1094,2.0926
757,1,1.8601,-4.5944
758,1,-1.5363,-5.7323
759,1,5.7248,-1.351
760,1,-2.6515,-3.8953
761,1,4.7465,2.7882
762,1,5.3055,2.047
763,1,5.0945,-0.28987
764,1,4.8094,2.1974
765,1,5.5255,-0.86407
766,1,-4.6228,-1.9698
767,1,1.8326,-4.2614
768,1,2.4603,-4.3269
769,1,3.3913,-4.0859
770,1,5.0912,-2.5671
771,1,1.5977,-4.781
772,1,-3.1106,-4.2318
773,1,3.444,-2.8305
774,1,4.0259,3.1293
775,1,-4.6302,-2.5313
776,1,1.6606,3.9855
777,1,0.36732,-5.0031
778,1,-1.382,-3.5235
779,1,2.6451,3.6709
780,1,-0.028152,-4.2846
781,1,-5.0983,-2.3358
782,1,3.1079,-4.2728
783,1,3.5832,-3.3907
784,1,-1.8993,-3.9429
785,1,5.3212,1.0725
786,1,-5.3577,-1.0892
787,1,-5.6057,-2.8188
788,1,3.169,-4.6044
789,1,-3.018,-3.1148
790,1,4.2875,1.3354
791,1,3.376,-3.886
792,1,-4.3481,-2.1811
793,1,0.71834,-4.2234
794,1,3.3156,-2.2074
795,1,-2.5418,-4.4798
796,1,3.9379,-1.6352
797,1,3.5591,-1.9442
798,1,4.8325,-2.8811
799,1,4.771,0.55082
800,1,-2.4264,-3.8401
801,1,-3.4782,-3.1499
802,1,5.79,-0.88715
803,1,-3.9572,-2.4246
804,1,5.1267,-0.38084
805,1,-4.2239,-3.2162
806,1,3.3382,2.9064
807,1,-3.2515,-0.88208
808,1,-3.1463,-3.5549
809,1,3.763,-3.0841
810,1,1.3488,4.7912
811,1,-0.86881,-4.6306
812,1,5.6837,0.04253
813,1,-3.3706,-5.7584
814,1,5.1587,-2.1308
815,1,2.2564,-5.749
816,1,5.6834,-2.7409
817,1,0.29397,-5.1798
818,1,5.0705,-0.37822
819,1,-4.1204,-3.5083
820,1,-2.899,-4.7055
821,1,-1.3258,-4.6301
822,1,6.3552,-0.27312
823,1,-3.97,-4.1696
824,1,3.968,-1.2873
825,1,-1.9702,-5.3975
826,1,-2.3074,-3.5733
827,1,-4.8431,-1.6423
828,1,1.7981,3.7897
829,1,4.2659,2.4706
830,1,3.981,-4.3711
831,1,-1.6014,-4.1459
832,1,5.1286,-1.7892
833,1,3.6151,3.5005
834,1,-3.9871,-3.8352
835,1,4.4588,2.0736
836,1,1.5724,-5.5874
837,1,-1.8914,-5.104
838,1,4.6541,0.88891
839,1,-4.4342,-1.2734
840,1,3.2638,-2.3781
841,1,5.1527,1.4636
842,1,3.5759,2.3698
843,1,0.69964,-4.9766
844,1,-3.3806,-5.43
845,1,-0.8825,-4.9547
846,1,5.0019,2.0573
847,1,-4.7655,-1.8319
848,1,3.435,3.3642
849,1,4.7223,-0.7879
850,1,0.26385,-5.407
851,1,2.6709,4.6692
852,1,3.8743,4.449
853,1,3.1688,-3.7105
854,1,1.375,-5.695
855,1,4.67,0.89209
856,1,-0.47746,-4.4314
857,1,2.9809,-5.1435
858,1,3.7739,-3.7868
859,1,-1.039,-5.3765
860,1,4.1806,-2.1545
861,1,1.5078,-4.7474
862,1,4.4524,0.29104
863,1,3.6011,3.687
864,1,0.66187,-4.9897
865,1,1.3657,3.7181
866,1,3.0538,-1.9208
867,1,3.3389,4.5352
868,1,5.1001,0.44588
869,1,4.8056,1.1697
870,1,-0.15574,-6.0825
871,1,-0.69238,-4.6076
872,1,-2.2288,-3.8152
873,1,4.8365,-1.3749
874,1,3.337,-4.7623
875,1,4.8231,-1.2888
876,1,-3.763,-3.9725
877,1,3.7749,-3.4803
878,1,4.6857,4.7428
879,1,-2.8527,-4.3748
880,1,3.6601,3.5569
881,1,4.9648,0.7548
882,1,5.9186,1.0848
883,1,5.7938,0.16846
884,1,5.1998,0.45172
885,1,0.45788,-6.0845
886,1,2.5413,-5.0117
887,1,-4.8937,-2.2609
888,1,4.187,-0.23604
889,1,3.7451,-3.2926
890,1,4.5276,-2.9331
891,1,-3.0463,-2.5795
892,1,1.4437,-3.6556
893,1,3.977,-1.9928
894,1,4.2578,-1.6085
895,1,-4.3119,-2.2869
896,1,1.991,-4.8029
897,1,5.1365,-3.368
898,1,2.848,-3.8711
899,1,-4.72,-1.975
900,1,-1.2005,-4.8338
901,1,1.7682,4.0945
902,1,5.3908,-1.0837
903,1,-1.0776,-5.1226
904,1,5.3046,3.069
905,1,5.4,-0.54918
906,1,5.2316,1.9415
907,1,2.7372,4.909
908,1,6.2361,2.1303
909,1,4.8288,-2.6056
910,1,1.1009,-6.1036
911,1,4.3447,-3.0827
912,1,3.2038,2.8796
913,1,-2.1412,-4.5304
914,1,2.9252,2.9627
915,1,3.9609,2.4274
916,1,-2.0144,-4.0641
917,1,1.1722,-5.696
918,1,3.9784,-3.4467
919,1,2.7328,-4.7848
920,1,-3.4099,-4.5658
921,1,2.0177,2.9946
922,1,2.3692,-3.7651
923,1,4.4838,-1.51
924,1,3.0817,3.8639
925,1,-0.37202,-3.8091
926,1,-0.38051,-5.596
927,1,0.84638,-4.6439
928,1,3.4316,2.7094
929,1,4.901,-1.6037
930,1,-3.1069,-5.2181
931,1,0.25065,-4.2685
932,1,4.1116,0.74186
933,1,3.1867,3.9965
934,1,3.9559,0.22482
935,1,-1.3971,-5.0843
936,1,4.0498,-2.3085
937,1,-4.2398,-2.7714
938,1,2.7529,4.0184
939,1,2.1175,4.8523
940,1,1.8436,-6.5237
941,1,5.2442,1.2147
942,1,-1.2311,-5.2626
943,1,-1.0413,-5.0397
944,1,5.8971,-1.6848
945,1,4.8858,2.7002
946,1,4.4493,-4.5022
947,1,-1.6997,-4.4714
948,1,-1.45,-3.7909
949,1,3.6691,-1.142
950,1,4.1881,-1.7282
951,1,-4.5629,-2.3557
952,1,-3.4681,-3.9837
953,1,-1.1478,-3.816
954,1,3.648,0.85135
955,1,2.3002,3.2431
956,1,3.6501,3.8828
957,1,4.7958,1.7833
958,1,4.9978,2.4295
959,1,3.2436,-2.0526
960,1,0.45591,-4.8658
961,1,4.3621,3.4776
962,1,-3.9421,-2.948
963,1,4.3249,-3.4409
964,1,2.4443,-4.3137
965,1,3.5548,3.1147
966,1,5.8758,3.2889
967,1,2.6423,4.9779
968,1,6.3383,-0.33946
969,1,-1.3222,-4.7235
970,1,-3.434,-3.0723
971,1,2.6626,5.9892
972,1,4.234,2.9737
973,1,-0.26791,-5.7696
974,1,3.1207,-3.0054
975,1,5.1501,0.94301
976,1,-3.2209,-4.0233
977,1,3.9789,-2.0828
978,1,2.8181,-4.8761
979,1,4.0784,-0.46962
980,1,2.159,3.9223
981,1,-4.0138,-2.9195
982,1,-3.9888,-3.5481
983,1,-5.2387,-1.9234
984,1,3.9027,0.53919
985,1,4.9852,-0.36636
986,1,0.46771,-4.272
987,1,2.3028,4.1933
988,1,2.7451,-5.5253
989,1,5.5242,0.42387
990,1,4.3638,-4.246
991,1,3.8797,3.375
992,1,3.8502,2.8646
993,1,2.9227,-4.279
994,1,4.9188,-1.4403
995,1,5.5212,0.14755
996,1,4.3673,-2.3291
997,1,4.0319,-1.9187
998,1,-3.1056,-3.9309
999,1,4.2751,-1.6014
1000,2,-7.5441,-4.3805
1001,2,-3.4336,1.8019
1002,2,-3.5292,1.6332
1003,2,-2.9349,0.10985
1004,2,-8.4771,-2.3147
1005,2,-7.2308,-2.9411
1006,2,-6.0504,-8.1235
1007,2,-7.358,-7.5631
1008,2,-8.8064,-5.7005
1009,2,-9.141,-1.8247
1010,2,-7.7117,-6.3801
1011,2,-7.3171,-1.553
1012,2,-6.5014,0.52147
1013,2,-2.6534,1.048
1014,2,-8.3603,-4.7783
1015,2,-7.2405,-0.23208
1016,2,1.8679,-1.4318
1017,2,-8.9321,-2.5904
1018,2,-6.0302,-8.3875
1019,2,-7.022,-0.60269
1020,2,-8.7054,-1.8959
1021,2,-8.568,-3.439
1022,2,0.55019,-1.0301
1023,2,-2.0272,0.78081
1024,2,-6.6839,-7.4917
1025,2,-8.1088,-4.5821
1026,2,-6.8408,-6.7128
1027,2,-3.9105,0.80634
1028,2,-8.0264,-7.2914
1029,2,-7.8677,-6.113
1030,2,-8.4003,-5.0611
1031,2,-5.5398,-0.20194
1032,2,-7.797,-0.54844
1033,2,-7.5537,-7.2807
1034,2,-8.6751,-1.7431
1035,2,-0.014824,-0.77685
1036,2,-3.7129,1.0904
1037,2,-1.6758,-0.51575
1038,2,-8.9489,-5.6858
1039,2,-0.25411,-0.89392
1040,2,-5.1944,-0.57352
1041,2,-7.6874,-3.5734
1042,2,-8.2892,-0.35085
1043,2,-1.8911,2.3469
1044,2,0.79692,-0.058929
1045,2,-0.70872,0.41119
1046,2,-4.1505,0.51518
1047,2,-5.8582,-9.0841
1048,2,-8.5197,-3.6696
1049,2,-1.4223,1.7337
1050,2,-7.5451,-5.6401
1051,2,-5.9782,0.38024
1052,2,-8.9566,-5.0924
1053,2,-4.7849,0.51285
1054,2,-6.6003,-0.63582
1055,2,-6.5727,-8.5473
1056,2,-8.7968,-2.4084
1057,2,-7.7006,-7.6919
1058,2,-4.8588,1.5399
1059,2,-4.831,0.68442
1060,2,-9.1434,-2.9655
1061,2,-5.2943,-8.1032
1062,2,-6.6747,0.1958
1063,2,-4.7207,2.1556
1064,2,-9.0748,-1.7237
1065,2,-8.7613,-5.2112
1066,2,-5.8756,-0.22558
1067,2,-1.9474,0.98927
1068,2,-5.1491,1.2132
1069,2,-0.90576,0.27565
1070,2,-5.8328,0.24633
1071,2,-9.1517,-2.9
1072,2,-7.6016,0.99304
1073,2,-8.3894,-5.7625
1074,2,-4.1758,0.78386
1075,2,-8.2226,-3.36
1076,2,-6.5871,-6.8164
1077,2,-8.286,-4.4938
1078,2,-1.9101,-0.35519
1079,2,-9.3076,-2.157
1080,2,-4.6563,2.0699
1081,2,-6.8422,-0.24523
1082,2,-5.6396,1.6226
1083,2,-6.0112,-8.5206
1084,2,-0.71222,0.04567
1085,2,-6.6259,-2.9255
1086,2,-7.5815,-0.74725
1087,2,0.40553,0.33734
1088,2,-7.6924,-0.32332
1089,2,-4.3979,1.7041
1090,2,-8.2885,-5.4963
1091,2,0.62511,-0.62241
1092,2,-8.8213,-1.8742
1093,2,-8.7377,-2.5677
1094,2,0.021335,-0.31844
1095,2,-8.5955,-6.5381
1096,2,-7.4447,-4.9979
1097,2,-7.942,-5.1686
1098,2,-7.2068,-7.7067
1099,2,-9.4251,-1.9007
1100,2,-5.8456,-8.5446
1101,2,-8.5097,-4.4591
1102,2,0.21818,-0.43824
1103,2,1.2707,-1.5146
1104,2,-8.5767,-6.9006
1105,2,-3.9672,1.2802
1106,2,-3.0516,1.0159
1107,2,-0.70254,0.64931
1108,2,-2.0445,1.4081
1109,2,-5.5071,0.95362
1110,2,-8.1301,-4.8234
1111,2,-8.4942,-5.1323
1112,2,-5.9899,-8.2174
1113,2,-9.0288,-3.5702
1114,2,-5.5383,1.4321
1115,2,-6.5379,-0.10561
1116,2,-9.0825,-3.9124
1117,2,-6.3574,-5.7585
1118,2,-0.82671,0.63942
1119,2,-2.3638,0.60618
1120,2,-3.3634,2.3292
1121,2,-4.7926,0.6742
1122,2,-6.3252,-6.4892
1123,2,-9.0642,-3.0578
1124,2,0.1437,-2.0597
1125,2,-8.0304,-0.90131
1126,2,-6.8056,-0.18555
1127,2,-6.4915,1.8632
1128,2,-7.0394,-8.154
1129,2,-6.3352,-7.6394
1130,2,-7.1185,-1.978
1131,2,-8.3708,-0.58539
1132,2,-3.5695,0.86822
1133,2,-8.0879,-4.6118
1134,2,-2.0624,0.86723
1135,2,-7.717,-1.2477
1136,2,-8.8007,-3.5931
1137,2,-7.051,0.28444
1138,2,-8.4645,-3.7799
1139,2,-7.3908,-1.9138
1140,2,-7.8312,-5.4239
1141,2,-8.9305,-4.6772
1142,2,-5.8129,-7.8984
1143,2,-8.5818,-3.9616
1144,2,-8.3711,-1.4465
1145,2,-8.0296,-2.7381
1146,2,-7.845,-0.98333
1147,2,-6.9692,-8.1588
1148,2,-6.3098,1.2105
1149,2,-9.3412,-3.6612
1150,2,-4.5187,0.72922
1151,2,-8.5316,-5.1659
1152,2,-1.9467,0.15307
1153,2,-0.86668,1.327
1154,2,-3.3209,0.94661
1155,2,-3.7058,1.8036
1156,2,-2.0337,0.5821
1157,2,-2.7163,1.7727
1158,2,-5.0034,-8.0848
1159,2,-8.5475,-1.9371
1160,2,-6.526,0.66313
1161,2,-2.2341,0.90739
1162,2,-7.8555,-7.8375
1163,2,-8.2621,-3.774
1164,2,-9.5916,-3.3454
1165,2,-0.2503,0.73534
1166,2,-8.0567,0.77094
1167,2,-9.1021,-5.3641
1168,2,1.0993,-1.232
1169,2,-8.2572,-6.7556
1170,2,-6.9067,-7.0678
1171,2,-0.23446,-0.14431
1172,2,1.2722,0.13065
1173,2,0.066645,-0.59474
1174,2,-5.1604,-0.6606
1175,2,-7.7189,-7.4995
1176,2,-4.4106,0.51569
1177,2,-5.4334,1.9939
1178,2,0.33453,-1.7577
1179,2,-9.169,-2.4909
1180,2,-7.1677,-0.48206
1181,2,-9.3115,-3.7654
1182,2,-1.3515,-0.47198
1183,2,-6.666,-8.1626
1184,2,-6.1568,0.74726
1185,2,1.3384,0.26964
1186,2,-5.363,1.3703
1187,2,-8.059,-8.2393
1188,2,-7.1078,-8.7744
1189,2,0.25005,-2.0715
1190,2,-6.6962,-8.1984
1191,2,-7.0704,-8.0137
1192,2,-7.5111,-1.9213
1193,2,-7.2309,0.021736
1194,2,-6.0816,1.8072
1195,2,-4.6984,0.56412
1196,2,-1.7132,-0.016048
1197,2,-9.0204,-6.4345
1198,2,-7.1388,0.68113
1199,2,-7.6164,-6.7908
1200,2,-7.1857,-3.2774
1201,2,-7.1653,-0.78503
1202,2,-7.9396,-2.7377
1203,2,-2.4294,2.3192
1204,2,-7.6641,-1.381
1205,2,-8.1205,-6.502
1206,2,-7.4822,-8.2091
1207,2,-7.3118,-8.6499
1208,2,1.5295,-0.31055
1209,2,-7.0882,-7.5475
1210,2,-7.7724,-0.69519
1211,2,1.9038,0.19808
1212,2,-1.0372,1.9992
1213,2,-3.3612,1.7024
1214,2,-1.1716,0.99168
1215,2,-8.2977,-4.6695
1216,2,-7.4662,-7.2151
1217,2,-7.296,-6.6124
1218,2,-8.2802,-3.2422
1219,2,-9.061,-5.0095
1220,2,0.22485,0.45599
1221,2,-7.9853,0.84078
1222,2,1.3107,0.21521
1223,2,-7.5876,-5.8101
1224,2,-4.5197,2.0445
1225,2,-7.9002,-6.8176
1226,2,-8.763,-5.1745
1227,2,-4.2134,0.85045
1228,2,-1.0838,0.47816
1229,2,-5.0991,0.31331
1230,2,-6.8004,0.58926
1231,2,-7.0262,0.066162
1232,2,-6.0126,1.3556
1233,2,-9.4446,-4.6397
1234,2,1.4884,-0.68791
1235,2,-4.7084,2.2116
1236,2,-2.8752,0.98452
1237,2,-6.037,0.87626
1238,2,-5.3082,0.7047
1239,2,1.3683,-1.8627
1240,2,-8.2142,-4.209
1241,2,-8.6068,-3.7161
1242,2,-8.4393,-7.0943
1243,2,-5.7034,-0.14696
1244,2,-8.78,-2.0075
1245,2,-8.8294,-3.4293
1246,2,-5.4508,0.88274
1247,2,-3.8168,0.6643
1248,2,-8.9279,-2.2905
1249,2,1.0133,-3.4995
1250,2,-7.5788,-6.7124
1251,2,-8.7777,-2.9435
1252,2,-1.0675,0.67236
1253,2,-6.5813,-8.1901
1254,2,-6.536,1.2694
1255,2,-7.2481,-8.5409
1256,2,-6.3262,-8.6067
1257,2,-4.0501,-0.22485
1258,2,-6.6942,-0.87288
1259,2,0.1201,-2.7053
1260,2,-1.3381,2.1817
1261,2,-4.0411,2.0324
1262,2,-7.757,-4.1258
1263,2,-3.769,1.698
1264,2,-8.0368,-1.1413
1265,2,-4.6947,0.36687
1266,2,-9.0081,-4.6548
1267,2,-5.8299,-8.9495
1268,2,-7.1544,0.11369
1269,2,-0.55529,-0.32636
1270,2,0.69268,0.32965
1271,2,-4.2965,0.70579
1272,2,-3.7837,1.6937
1273,2,-6.91,-6.7828
1274,2,-7.0871,0.50111
1275,2,-7.329,-0.5635
1276,2,0.27442,-1.306
1277,2,-2.9982,1.1906
1278,2,-8.5668,-5.4883
1279,2,-7.8388,-0.50913
1280,2,-7.5117,-8.1628
1281,2,-7.9715,-1.135
1282,2,-5.4514,-0.12922
1283,2,-6.4319,-7.7936
1284,2,-8.0389,-2.2894
1285,2,-6.1039,-8.047
1286,2,-7.7322,-5.2923
1287,2,-0.87983,0.8822
1288,2,-3.0684,1.4558
1289,2,-1.289,0.6426
1290,2,-4.4975,0.082247
1291,2,-6.9334,-0.33007
1292,2,-8.7065,-5.7706
1293,2,-8.0605,-6.8911
1294,2,-9.2323,-0.0151
1295,2,-7.3022,-0.7439
1296,2,-4.3492,2.3243
1297,2,-8.2834,-3.2945
1298,2,-8.0621,-1.9498
1299,2,-7.3691,-4.426
1300,2,-7.1577,-6.0611
1301,2,0.64332,-1.5996
1302,2,-9.2659,-2.1579
1303,2,-2.4792,0.22229
1304,2,-7.1144,-7.0957
1305,2,-7.1773,-6.2963
1306,2,-8.6884,-7.3048
1307,2,0.55712,-1.2799
1308,2,-7.3901,-0.29138
1309,2,-3.901,1.7539
1310,2,1.99,-0.25778
1311,2,-2.4815,0.98657
1312,2,1.4426,0.0014025
1313,2,-2.7304,1.9434
1314,2,-7.8108,-6.542
1315,2,-9.0109,-5.8799
1316,2,1.1597,-0.90352
1317,2,-8.061,-6.8065
1318,2,-6.8346,-7.5363
1319,2,0.06783,-0.93759
1320,2,-3.7443,1.9921
1321,2,-8.0717,-3.7547
1322,2,0.16861,-0.13991
1323,2,-3.2805,-0.63004
1324,2,-4.8896,1.1874
1325,2,-7.6629,-5.9218
1326,2,-6.8579,-0.96131
1327,2,-1.2159,-0.59754
1328,2,-1.8948,-0.10994
1329,2,-6.6665,1.7742
1330,2,-0.70522,0.68966
1331,2,-7.6504,-8.3083
1332,2,-0.23028,-0.78283
1333,2,-2.058,1.0254
1334,2,1.5641,-0.52627
1335,2,-6.4084,-6.5094
1336,2,-8.8663,-5.8872
1337,2,-1.1325,1.2239
1338,2,-4.413,2.5628
1339,2,-9.0759,-2.1169
1340,2,-8.3438,-2.16
1341,2,0.10896,-1.7914
1342,2,-2.8136,0.42882
1343,2,-1.5387,-0.30509
1344,2,-8.037,-5.6712
1345,2,-9.6687,-1.2093
1346,2,-0.92567,1.8128
1347,2,-9.0363,-2.8901
1348,2,-1.3315,-0.15689
1349,2,0.035783,-2.2663
1350,2,-7.711,-0.23963
1351,2,-4.684,1.4376
1352,2,-5.6815,0.76812
1353,2,-4.4588,1.4045
1354,2,-7.6044,-1.898
1355,2,-4.0389,1.1382
1356,2,-0.13267,-1.5287
1357,2,-7.7491,-7.1632
1358,2,-7.2623,0.42698
1359,2,-1.3109,0.22603
1360,2,-7.9163,-7.129
1361,2,-0.76315,-1.0883
1362,2,-8.1941,-1.8579
1363,2,-1.1314,1.9602
1364,2,-5.4318,-7.9309
1365,2,-7.5391,-7.7205
1366,2,-7.1245,-0.53075
1367,2,-1.694,0.73306
1368,2,-9.4577,-3.6841
1369,2,-8.4967,-5.2435
1370,2,-7.383,0.51154
1371,2,-9.194,-5.9898
1372,2,-8.2199,-6.0861
1373,2,-7.9619,-0.33399
1374,2,-8.6149,-4.9818
1375,2,-6.7753,0.94759
1376,2,-8.0175,-5.3046
1377,2,-7.5208,-7.4942
1378,2,-6.1152,-8.039
1379,2,-1.1098,0.72893
1380,2,-7.7391,-2.8625
1381,2,-7.913,-4.6404
1382,2,-2.0043,0.27514
1383,2,-6.814,0.96572
1384,2,-3.2447,1.954
1385,2,-8.6029,1.4404
1386,2,-8.2918,-3.3064
1387,2,-3.2429,2.0736
1388,2,-9.2795,-6.5748
1389,2,-7.6298,-0.46105
1390,2,-7.353,-7.1387
1391,2,-7.5257,0.7256
1392,2,-5.0085,1.66
1393,2,-9.3706,-3.4538
1394,2,-8.3088,-5.3407
1395,2,-6.1564,-6.7151
1396,2,0.0081166,0.17911
1397,2,-9.0577,-4.8771
1398,2,-0.40644,1.3144
1399,2,-7.6208,-7.9692
1400,2,-0.54886,-0.60797
1401,2,-6.795,-0.57323
1402,2,-7.4847,-6.0526
1403,2,-8.3038,-1.8129
1404,2,-3.2086,0.6527
1405,2,-4.7339,0.42069
1406,2,-7.0354,-0.94226
1407,2,-6.9013,-8.2903
1408,2,-2.8305,1.173
1409,2,-7.5326,-3.4103
1410,2,1.34,-2.2462
1411,2,-8.9808,-4.835
1412,2,-0.94354,0.25929
1413,2,-7.2949,-1.2392
1414,2,-8.5817,-0.73268
1415,2,-1.7403,1.8771
1416,2,-5.7297,-0.59571
1417,2,-7.0542,-7.2863
1418,2,-5.0567,1.9258
1419,2,1.8603,-1.1565
1420,2,-7.6955,-3.1156
1421,2,-1.2529,0.37046
1422,2,-8.0749,-2.5124
1423,2,-3.7735,1.083
1424,2,-8.1124,-2.7389
1425,2,1.3955,-0.099039
1426,2,-3.2861,0.063961
1427,2,-7.8053,-2.2456
1428,2,-6.839,-7.7843
1429,2,-6.4298,-0.60268
1430,2,-2.0193,2.1936
1431,2,-0.53565,-0.30175
1432,2,-7.824,-1.5962
1433,2,0.39384,-1.7619
1434,2,-6.4341,-7.5374
1435,2,-7.5699,0.81161
1436,2,-8.9091,-6.9017
1437,2,-7.4012,-6.746
1438,2,-9.5317,-2.7593
1439,2,-5.0564,1.1503
1440,2,-8.3251,-5.9824
1441,2,-8.5683,-1.5133
1442,2,-7.9011,-4.0557
1443,2,-8.2448,-1.5319
1444,2,-8.6463,-6.1203
1445,2,-6.4784,-7.9909
1446,2,-8.0173,-0.26904
1447,2,-1.6228,-0.21501
1448,2,-4.8714,1.4364
1449,2,1.5284,-0.38527
1450,2,0.39046,-2.1601
1451,2,-7.2379,-5.5128
1452,2,-3.0777,2.1019
1453,2,-8.8844,-4.8873
1454,2,-8.3779,-6.1019
1455,2,-2.2674,0.66168
1456,2,-6.8649,-0.22733
1457,2,-7.2547,-6.3326
1458,2,-8.4094,-1.4311
1459,2,-1.8423,0.55308
1460,2,-6.9514,-10.693
1461,2,-7.5687,-1.0261
1462,2,-8.5471,-6.5637
1463,2,-8.2327,-6.3821
1464,2,-9.2473,-0.19151
1465,2,-6.7808,0.88089
1466,2,-3.805,1.0445
1467,2,-8.216,-6.0854
1468,2,-4.8178,-8.6688
1469,2,-7.4479,-0.7878
1470,2,-1.7965,0.55314
1471,2,-7.7721,-0.80975
1472,2,-2.1649,0.55994
1473,2,-4.2356,-0.21184
1474,2,-1.6111,2.3974
1475,2,-7.5221,-5.5174
1476,2,-6.0503,0.48745
1477,2,-6.9248,0.66885
1478,2,-9.6837,-3.7478
1479,2,-0.35406,-0.25583
1480,2,-6.5625,-7.4087
1481,2,-8.3567,-4.6607
1482,2,-9.7757,-2.2626
1483,2,-9.5338,-0.93216
1484,2,-2.2055,1.9786
1485,2,-8.3393,-7.0488
1486,2,-6.1478,-0.21201
1487,2,-6.3707,1.1012
1488,2,-9.0374,-4.6851
1489,2,-8.3741,-3.715
1490,2,-5.9304,-7.7834
1491,2,-7.6555,-1.7983
1492,2,-0.95164,0.011992
1493,2,-0.20189,-0.66293
1494,2,-0.88107,0.43344
1495,2,0.096654,-1.5328
1496,2,-4.0828,1.0956
1497,2,-8.9357,-4.3696
1498,2,-4.839,1.5007
1499,2,0.078681,-0.89151
1500,2,-0.23778,-1.2532
1501,2,-8.2501,-2.7307
1502,2,-7.6741,-5.8535
1503,2,0.1482,-0.62336
1504,2,-5.7874,1.5506
1505,2,-5.3016,-0.62709
1506,2,-2.6575,0.67301
1507,2,-8.5667,-3.1082
1508,2,-7.8868,-5.299
1509,2,-9.4688,-3.1393
1510,2,-7.6482,-7.6863
1511,2,-9.3875,-3.1235
1512,2,-9.168,-1.3229
1513,2,-5.4538,-6.9976
1514,2,0.38058,0.62041
1515,2,-1.1087,-1.497
1516,2,-6.203,-6.9822
1517,2,-6.0728,1.3331
1518,2,-8.3932,-3.9985
1519,2,-5.7774,1.0891
1520,2,-5.9721,-7.3816
1521,2,-9.6625,-6.0134
1522,2,-2.5317,0.89536
1523,2,-6.1955,0.49125
1524,2,-5.975,1.4032
1525,2,-8.7829,-4.9747
1526,2,1.1691,-0.88447
1527,2,-10.051,-5.8143
1528,2,-0.0014563,-1.1198
1529,2,0.97559,-0.56055
1530,2,-5.369,-0.47584
1531,2,-7.2621,-4.6475
1532,2,-8.974,-6.1972
1533,2,-6.2015,-6.1227
1534,2,-1.5582,1.2707
1535,2,-8.5397,-6.9142
1536,2,-4.0039,0.76864
1537,2,0.10189,-0.31679
1538,2,-7.4121,-7.3209
1539,2,0.43444,-0.14715
1540,2,-2.6035,0.98233
1541,2,0.51504,-1.3861
1542,2,-0.80041,0.2573
1543,2,-8.0424,-3.9967
1544,2,0.51976,-1.4757
1545,2,-8.1502,-4.5407
1546,2,-3.4915,0.58854
1547,2,-6.3116,1.3397
1548,2,-7.9967,-3.1752
1549,2,-7.0686,-7.4899
1550,2,-3.6555,0.58237
1551,2,-6.6151,-9.0537
1552,2,-9.0811,-4.5209
1553,2,-1.0245,-0.52587
1554,2,-0.63374,1.2526
1555,2,-2.0707,-0.11064
1556,2,-0.45374,-0.18803
1557,2,-6.9101,-6.773
1558,2,-0.2148,-0.93637
1559,2,-6.5389,-6.7473
1560,2,0.23116,1.7874
1561,2,-4.3016,0.43716
1562,2,-2.7747,1.2362
1563,2,-8.1908,-1.2335
1564,2,-7.2712,-1.7991
1565,2,-3.4385,1.9589
1566,2,-9.1043,-4.4187
1567,2,0.51215,-2.0202
1568,2,-1.9186,2.3542
1569,2,-5.7014,-8.4085
1570,2,-8.8548,-6.2975
1571,2,0.10393,-2.4384
1572,2,-6.0924,-8.9376
1573,2,-5.2649,0.76801
1574,2,-7.6681,-0.1746
1575,2,-7.7382,-2.8938
1576,2,-7.0976,-0.51512
1577,2,-5.1117,-8.5409
1578,2,-7.0976,-0.80368
1579,2,-8.5555,-2.163
1580,2,-4.3133,1.7067
1581,2,-5.6226,-8.4304
1582,2,-8.6793,-6.478
1583,2,-0.35116,0.17317
1584,2,-8.7055,-2.575
1585,2,-8.7157,-6.8795
1586,2,-8.6718,-2.0953
1587,2,-7.807,-5.6076
1588,2,-9.8241,-3.834
1589,2,-0.048206,0.66055
1590,2,-10.12,-3.2108
1591,2,-8.453,-7.439
1592,2,-3.9769,2.1711
1593,2,-7.1765,0.33645
1594,2,-2.1612,0.51886
1595,2,-8.8599,-4.6924
1596,2,-4.3953,0.95768
1597,2,-6.285,-6.5687
1598,2,-9.3631,-2.0044
1599,2,-5.2227,1.2906
1600,2,-2.02,0.47681
1601,2,0.69731,-0.43602
1602,2,-7.8249,0.40403
1603,2,-3.678,0.61505
1604,2,-9.3861,-0.8469
1605,2,1.0083,-0.9294
1606,2,-7.7804,-8.287
1607,2,-1.1579,0.7506
1608,2,-9.6292,-4.6666
1609,2,0.41176,0.1958
1610,2,-7.3395,-0.65141
1611,2,-8.6636,-5.5744
1612,2,-8.3882,-1.7063
1613,2,-9.4218,-2.2353
1614,2,-5.3722,-8.088
1615,2,-1.5928,0.91954
1616,2,-8.5742,-1.7384
1617,2,-7.9984,-4.0327
1618,2,-8.0853,-7.6581
1619,2,-8.6961,-2.2485
1620,2,-6.2581,-6.4939
1621,2,0.85201,-1.7043
1622,2,-1.0777,0.10129
1623,2,-8.4293,-0.77337
1624,2,-5.7676,0.82903
1625,2,-8.8499,-1.972
1626,2,0.083053,0.34943
1627,2,-9.105,-0.99321
1628,2,-7.6806,-6.0238
1629,2,1.0976,0.72342
1630,2,-4.9014,1.2208
1631,2,-0.13622,-0.82467
1632,2,-1.276,0.36139
1633,2,-8.2853,-2.2349
1634,2,-7.2382,-8.3223
1635,2,-8.3422,-4.6859
1636,2,0.055251,-2.5814
1637,2,-7.4025,-0.45922
1638,2,-6.4074,-0.95241
1639,2,-4.1237,0.65722
1640,2,-0.22339,-0.61234
1641,2,-9.0968,-3.4668
1642,2,-8.5984,-3.1593
1643,2,-6.1705,1.6139
1644,2,-6.0246,2.4997
1645,2,-8.6337,-1.6822
1646,2,0.38807,-1.8443
1647,2,-1.9439,0.79447
1648,2,-5.6324,0.42299
1649,2,-0.47578,0.44218
1650,2,-6.9584,-7.5022
1651,2,-9.2836,-6.727
1652,2,-6.052,-6.7919
1653,2,-7.2264,-6.555
1654,2,-5.6164,0.13444
1655,2,-4.3662,-0.49044
1656,2,0.0025688,-1.3026
1657,2,-8.1909,-6.5935
1658,2,-5.2125,1.7684
1659,2,-2.4956,2.164
1660,2,-9.4281,-4.0939
1661,2,-0.93686,2.6437
1662,2,0.66217,-0.11343
1663,2,-6.5455,-8.5119
1664,2,-7.8472,-6.6518
1665,2,-7.2672,-6.7469
1666,2,-1.4572,1.0705
1667,2,-2.062,1.7843
1668,2,-8.5814,-6.0093
1669,2,-8.2878,-5.0913
1670,2,-3.5709,1.5387
1671,2,-4.5816,1.515
1672,2,-6.3663,1.1602
1673,2,-6.4829,0.37683
1674,2,0.9697,-1.1563
1675,2,-5.2209,-8.3207
1676,2,-7.9347,-4.3982
1677,2,-7.8302,-3.021
1678,2,-5.6939,-8.1025
1679,2,-1.6018,-1.177
1680,2,-8.209,-1.0329
1681,2,-6.3838,-1.7614
1682,2,-1.4026,1.4966
1683,2,-9.5847,-2.8739
1684,2,-5.0144,0.45097
1685,2,-7.8975,-3.5705
1686,2,-9.1771,-3.3341
1687,2,-4.2042,-0.40815
1688,2,-8.2617,-6.7398
1689,2,-7.4246,-4.4804
1690,2,-6.9305,-8.2997
1691,2,-9.2309,-2.3878
1692,2,-4.671,1.6082
1693,2,-0.90404,0.59434
1694,2,-6.3135,-9.3374
1695,2,-6.8537,-5.4255
1696,2,-8.6333,-3.5552
1697,2,-1.5061,0.85644
1698,2,-3.2294,0.64346
1699,2,-7.0894,-7.1935
1700,2,-7.7331,-5.2525
1701,2,-8.1038,-7.7493
1702,2,-3.6952,1.3372
1703,2,-8.8873,-6.7217
1704,2,-8.1599,-6.3902
1705,2,-7.1461,-6.9244
1706,2,1.0661,-1.4244
1707,2,-2.9782,0.68271
1708,2,-8.6504,-6.8906
1709,2,-7.7375,-7.8798
1710,2,-1.9318,1.4716
1711,2,-3.5875,1.1842
1712,2,0.53354,-1.5852
1713,2,-7.5518,-0.87297
1714,2,-6.823,0.040934
1715,2,-2.5647,0.43163
1716,2,-1.3312,0.66057
1717,2,-1.0239,-0.064114
1718,2,0.8442,-1.5366
1719,2,-2.5801,0.58642
1720,2,-9.2041,-2.5692
1721,2,-8.5973,-1.7859
1722,2,-6.0405,-8.3667
1723,2,-8.6294,-3.0211
1724,2,-6.2683,0.2341
1725,2,-5.5742,2.006
1726,2,1.8595,-1.9328
1727,2,-2.3526,1.3964
1728,2,-6.3879,0.59536
1729,2,-4.9736,1.4552
1730,2,-1.0761,0.68414
1731,2,1.2305,-1.0913
1732,2,0.77501,-2.0136
1733,2,-8.849,-5.4097
1734,2,-3.5924,1.2275
1735,2,-9.8081,-3.5433
1736,2,-6.087,0.32142
1737,2,-2.6933,2.1762
1738,2,-3.7833,2.0975
1739,2,-3.4629,1.4968
1740,2,0.92834,-0.42123
1741,2,-8.6764,-5.7963
1742,2,-2.9947,0.60965
1743,2,-0.80723,-0.72668
1744,2,-3.8963,1.3734
1745,2,-7.3521,-5.7855
1746,2,-0.64629,0.41853
1747,2,-3.3163,1.5277
1748,2,-7.766,-1.2496
1749,2,-7.3699,-1.0074
1750,2,-8.4627,-5.5869
1751,2,0.5674,-1.5431
1752,2,-7.8982,-7.7933
1753,2,-7.0193,-6.2992
1754,2,-7.9481,-4.5334
1755,2,-0.83865,-0.10833
1756,2,-2.2123,-1.1283
1757,2,-3.4827,1.5188
1758,2,-4.1929,0.32764
1759,2,-9.2216,-2.8785
1760,2,-8.4599,-5.8593
1761,2,-8.2092,-4.3143
1762,2,-8.8824,-3.8376
1763,2,-6.2484,0.27744
1764,2,-5.8265,0.47714
1765,2,-8.2756,-1.3268
1766,2,-7.3808,-1.9993
1767,2,1.159,-2.3781
1768,2,-7.9779,-7.4005
1769,2,-5.6933,-0.18952
1770,2,-1.47,0.4106
1771,2,-3.8778,1.5661
1772,2,-6.949,-0.88426
1773,2,-8.1964,-3.4868
1774,2,-9.3745,-5.4686
1775,2,-9.0069,-2.9861
1776,2,-9.3666,-2.6534
1777,2,-8.2781,-0.85709
1778,2,-3.4256,1.4907
1779,2,-9.6429,-5.3487
1780,2,-7.5213,0.52257
1781,2,-9.1898,0.59314
1782,2,-0.97197,0.43762
1783,2,-8.4673,-6.0256
1784,2,-1.023,0.17753
1785,2,-8.5806,-5.2071
1786,2,0.62265,-0.60894
1787,2,-8.5781,-5.222
1788,2,-5.0341,0.91316
1789,2,-6.2003,0.58403
1790,2,0.053543,-1.682
1791,2,-2.5807,1.2698
1792,2,-8.2374,-3.7401
1793,2,-6.1655,-7.3628
1794,2,-9.9435,-3.3776
1795,2,-0.52784,1.4248
1796,2,-4.2537,1.3591
1797,2,-7.1989,-6.6719
1798,2,-2.2246,-1.155
1799,2,-8.2113,-5.4963
1800,2,-7.9433,-0.073349
1801,2,-7.482,-8.782
1802,2,-7.8095,-0.59222
1803,2,-5.9296,-0.23675
1804,2,-8.453,-7.4845
1805,2,-2.2624,1.766
1806,2,-4.0868,1.4812
1807,2,0.46283,0.38392
1808,2,-8.6984,-3.7628
1809,2,-9.1032,-2.2266
1810,2,-8.0491,-2.3016
1811,2,-8.7163,-2.421
1812,2,-0.097409,0.82074
1813,2,-6.6049,-8.5963
1814,2,-2.094,0.40585
1815,2,-7.0884,-6.882
1816,2,-0.48425,-0.3732
1817,2,-6.2159,-6.2667
1818,2,-7.9404,-1.9651
1819,2,-7.9073,-5.8583
1820,2,-9.7782,-3.0731
1821,2,-7.0582,-8.3483
1822,2,-1.2639,0.08833
1823,2,-0.10869,-0.83124
1824,2,0.7044,-0.41895
1825,2,-5.6359,-8.0937
1826,2,-6.9072,-9.3972
1827,2,-6.7517,-8.447
1828,2,-8.266,-3.6977
1829,2,0.42055,-0.024054
1830,2,-8.5128,-3.5589
1831,2,-6.1609,1.0158
1832,2,-8.5406,-3.7297
1833,2,-1.4782,0.58297
1834,2,-5.5205,-7.83
1835,2,0.12061,0.50756
1836,2,-7.2447,-4.8798
1837,2,-7.5671,-2.902
1838,2,-4.2927,1.5384
1839,2,-7.2868,-7.4639
1840,2,-5.3026,0.83983
1841,2,-6.8984,1.0465
1842,2,-6.0328,-6.8937
1843,2,-7.5965,-6.8132
1844,2,-2.1297,1.3259
1845,2,-8.6828,-5.1905
1846,2,-8.2665,-3.2211
1847,2,-8.4784,-2.9668
1848,2,-6.2235,0.16659
1849,2,-1.2606,0.60036
1850,2,-1.2669,-0.9286
1851,2,-3.6287,1.5931
1852,2,-2.5115,1.2468
1853,2,-2.4496,1.1534
1854,2,-6.6131,-8.106
1855,2,-7.1839,-3.7296
1856,2,-9.3602,-1.5183
1857,2,-2.7645,0.84195
1858,2,-8.1153,-6.106
1859,2,-0.31564,-0.7971
1860,2,-0.84558,1.2334
1861,2,-8.3648,-2.652
1862,2,-5.9686,-8.313
1863,2,-5.5866,1.4335
1864,2,-8.76,-6.282
1865,2,-6.8558,-6.9752
1866,2,0.18158,-1.182
1867,2,-6.4896,0.87519
1868,2,-5.4318,-7.9513
1869,2,-7.6524,-1.3754
1870,2,-7.9793,-5.8862
1871,2,-7.877,-6.9096
1872,2,-8.1906,-4.0791
1873,2,-5.7943,-8.1175
1874,2,-9.1372,-3.313
1875,2,0.44478,-0.0215
1876,2,-4.3168,0.25836
1877,2,-2.5406,1.3172
1878,2,-0.89075,0.0041706
1879,2,-3.1922,1.8208
1880,2,-3.2882,2.0075
1881,2,-2.0505,0.93109
1882,2,-7.9122,-1.2873
1883,2,-4.1988,0.82952
1884,2,-3.9162,0.66452
1885,2,-0.29766,0.10611
1886,2,-7.8421,-6.5821
1887,2,-0.76958,0.67136
1888,2,-9.3819,-2.9683
1889,2,0.82945,-2.746
1890,2,-7.0444,-7.8388
1891,2,-8.0301,0.97886
1892,2,-7.2736,-8.2491
1893,2,0.80337,-2.4046
1894,2,-8.3781,-2.885
1895,2,-7.5049,-5.0854
1896,2,-8.0384,-2.7433
1897,2,-6.9202,-1.6598
1898,2,-7.4931,-1.0825
1899,2,-5.3779,0.52461
1900,2,-7.0935,-2.1719
1901,2,-2.649,1.8597
1902,2,-0.52306,0.59691
1903,2,-5.8772,-7.7035
1904,2,-2.0647,0.43904
1905,2,-7.2977,-0.15663
1906,2,-4.3004,-0.50419
1907,2,-7.6981,-7.521
1908,2,-8.5355,-5.9003
1909,2,0.88196,-1.6255
1910,2,-7.219,-1.0838
1911,2,-4.9246,-0.18431
1912,2,-0.5841,-2.8372
1913,2,-6.5103,0.55386
1914,2,-5.5222,0.31075
1915,2,-8.1978,-7.9054
1916,2,-2.3451,1.0223
1917,2,-6.5467,-7.6114
1918,2,-8.2092,0.66928
1919,2,-8.1695,-6.6702
1920,2,-1.423,-0.20695
1921,2,-2.245,2.0452
1922,2,-7.3163,-7.8242
1923,2,-8.1887,-5.4312
1924,2,-8.3003,-5.2693
1925,2,-6.3807,1.8267
1926,2,-8.1388,-4.0936
1927,2,-4.6114,0.42812
1928,2,-6.9869,-9.1964
1929,2,-6.1394,-1.1594
1930,2,-6.1011,1.118
1931,2,0.42374,-1.2495
1932,2,-6.9571,-6.6006
1933,2,-8.0377,-2.3588
1934,2,-5.6095,-0.082248
1935,2,-7.8565,-3.0799
1936,2,-4.2537,1.7599
1937,2,-2.0851,0.11091
1938,2,-3.3785,0.22644
1939,2,0.09679,-0.58921
1940,2,-6.3844,-8.4085
1941,2,-8.2793,-6.315
1942,2,-8.0968,0.51051
1943,2,-5.5916,0.96926
1944,2,-8.2108,-2.7152
1945,2,-0.55421,-0.01908
1946,2,0.65273,-1.3226
1947,2,-0.47938,0.42158
1948,2,-4.1511,0.55578
1949,2,-5.6798,-7.7836
1950,2,-0.96528,2.117
1951,2,1.2276,0.023677
1952,2,-0.12713,-1.2409
1953,2,-4.0269,1.0003
1954,2,-6.4759,-7.1254
1955,2,0.29355,-1.6112
1956,2,-0.95247,-0.26709
1957,2,-1.4043,1.5749
1958,2,-6.6129,-7.9673
1959,2,-5.518,-9.2798
1960,2,-7.8327,-8.5101
1961,2,-6.5798,-7.9368
1962,2,-1.0364,1.3348
1963,2,-1.8848,1.0125
1964,2,-4.6919,1.5153
1965,2,-6.8298,-6.2708
1966,2,-6.842,-8.1291
1967,2,-8.9876,-3.509
1968,2,-2.883,1.646
1969,2,1.1899,0.36686
1970,2,-2.2154,0.65131
1971,2,-8.8629,-4.5973
1972,2,-7.7518,-4.316
1973,2,-7.1956,-0.63029
1974,2,-8.6481,-6.8065
1975,2,-6.8102,0.12712
1976,2,-3.6337,2.0958
1977,2,-7.9702,-1.1741
1978,2,-9.444,-2.8882
1979,2,0.37941,-1.2253
1980,2,1.6977,-2.2099
1981,2,-0.69329,-0.77741
1982,2,-0.12613,0.36853
1983,2,-0.03347,-0.77036
1984,2,-6.6377,-7.9427
1985,2,0.79408,-0.49043
1986,2,-5.8606,1.9438
1987,2,-4.9615,-6.9288
1988,2,-7.1932,-2.2721
1989,2,-2.085,0.33847
1990,2,-6.3329,-9.1201
1991,2,-6.2785,-7.0056
1992,2,-8.4592,-3.2177
1993,2,0.36232,-1.0687
1994,2,-1.7394,1.2946
1995,2,-0.63023,-0.86791
1996,2,-7.4718,0.36328
1997,2,-5.5966,-6.4409
1998,2,-8.8596,-2.5649
1999,2,-5.8402,-0.97532
