Erro: 0.0258  Tempo:     2.72  K:  296  FW: 0.1337 0.7125 0.3532 0.4980 0.9866 0.4460 0.1084 0.5674 0.5179 0.6684 0.2174 0.2526 0.4703 0.9526 0.9763 0.8048 0.2288 0.2623 0.9418 0.6586 
Erro: 0.0516  Tempo:     3.29  K:  421  FW: 0.7772 0.3971 0.4667 0.7841 0.2782 0.2823 0.5959 0.1148 0.9782 0.1356 0.1791 0.7603 0.7899 0.0972 0.4457 0.0869 0.0358 0.4534 0.2742 0.2245 
Erro: 0.0471  Tempo:     3.38  K:  439  FW: 0.0562 0.7701 0.5055 0.9220 0.6201 0.0246 0.1897 0.4848 0.9650 0.2770 0.5004 0.3235 0.7858 0.5941 0.2478 0.2167 0.3848 0.2116 0.3582 0.1831 
Erro: 0.0322  Tempo:     4.58  K:  712  FW: 0.1603 0.5555 0.1622 0.3842 0.6535 0.2924 0.2526 0.6694 0.6965 0.6365 0.3148 0.3064 0.5729 0.5683 0.4199 0.7320 0.7600 0.2381 0.5599 0.1851 
Erro: 0.0301  Tempo:     3.02  K:  326  FW: 0.5384 0.6370 0.8767 0.7047 0.9860 0.0393 0.4181 0.5717 0.9453 0.6462 0.4441 0.3323 0.6716 0.1521 0.6148 0.4326 0.2373 0.5744 0.2067 0.8116 
Erro: 0.0473  Tempo:     2.99  K:  433  FW: 0.6738 0.0975 0.8636 0.1828 0.9025 0.8657 0.1031 0.0646 0.1108 0.6809 0.0604 0.1757 0.9983 0.3306 0.5137 0.1354 0.4856 0.3424 0.3140 0.1966 
Erro: 0.0420  Tempo:     4.15  K:  585  FW: 0.9214 0.7258 0.7337 0.4456 0.3260 0.5690 0.1911 0.9751 0.9706 0.0890 0.8565 0.8783 0.3123 0.6506 0.9505 0.7036 0.9142 0.5383 0.6044 0.6691 
Erro: 0.0269  Tempo:     2.24  K:  181  FW: 0.2383 0.2226 0.7948 0.0559 0.5756 0.6303 0.7775 0.1643 0.9268 0.7556 0.3930 0.9470 0.2007 0.6177 0.7256 0.0788 0.4365 0.1906 0.7941 0.8944 
Erro: 0.0335  Tempo:     1.31  K:   15  FW: 0.0589 0.2760 0.9988 0.5388 0.5600 0.9852 0.9206 0.0319 0.7846 0.4573 0.6137 0.1970 0.1038 0.0285 0.0420 0.9133 0.5285 0.7883 0.3106 0.9164 
Erro: 0.0306  Tempo:     2.69  K:  300  FW: 0.3068 0.2057 0.8583 0.9004 0.2269 0.0869 0.2778 0.5011 0.8642 0.8016 0.4116 0.1121 0.3140 0.0753 0.6033 0.3543 0.1448 0.1013 0.5873 0.4986 
Erro: 0.0331  Tempo:     4.55  K:  683  FW: 0.8386 0.6962 0.6054 0.5722 0.5668 0.4831 0.9244 0.8323 0.2635 0.7886 0.3721 0.0990 0.4620 0.8681 0.9235 0.6218 0.1271 0.6726 0.7679 0.5990 
Erro: 0.0291  Tempo:     2.55  K:  278  FW: 0.3568 0.1640 0.4669 0.9779 0.2971 0.2085 0.5122 0.5195 0.2105 0.7184 0.5612 0.7458 0.3051 0.3643 0.6967 0.6347 0.2481 0.8489 0.4864 0.1573 
Erro: 0.0306  Tempo:     4.55  K:  611  FW: 0.3514 0.4496 0.5872 0.6620 0.2404 0.3959 0.0063 0.6506 0.8492 0.8465 0.2530 0.8174 0.7124 0.9861 0.6645 0.7153 0.1924 0.3981 0.9568 0.2068 
Erro: 0.0425  Tempo:     5.54  K:  785  FW: 0.1894 0.8527 0.4159 0.9180 0.6083 0.4220 0.2815 0.1232 0.8842 0.6391 0.9317 0.9180 0.9275 0.5625 0.6471 0.8646 0.9225 0.3581 0.4956 0.8036 
Erro: 0.0261  Tempo:     4.71  K:  645  FW: 0.3943 0.2615 0.9136 0.5187 0.3034 0.5673 0.5426 0.7178 0.6122 0.3401 0.3954 0.2008 0.0428 0.0577 0.1596 0.4961 0.9088 0.0563 0.7804 0.8057 
Erro: 0.0314  Tempo:     2.19  K:   81  FW: 0.9205 0.5404 0.1172 0.5903 0.3399 0.6212 0.2210 0.0030 0.6972 0.1050 0.6675 0.3486 0.2283 0.1909 0.9819 0.7328 0.3988 0.7473 0.7096 0.2887 
Erro: 0.0218  Tempo:     4.56  K:  645  FW: 0.9464 0.8004 0.4556 0.0063 0.7095 0.0965 0.3390 0.2317 0.3034 0.7834 0.8172 0.2308 0.1879 0.2028 0.4883 0.3114 0.1661 0.3787 0.8794 0.9747 
Erro: 0.0288  Tempo:     2.18  K:  134  FW: 0.2676 0.0167 0.8121 0.5943 0.9597 0.6704 0.2474 0.1724 0.9684 0.7599 0.7475 0.7644 0.5091 0.7092 0.0892 0.5853 0.0805 0.6840 0.5280 0.2222 
Erro: 0.0474  Tempo:     5.17  K:  755  FW: 0.3196 0.6752 0.2694 0.4591 0.6611 0.2026 0.2969 0.4170 0.9526 0.2600 0.8100 0.4848 0.3275 0.6662 0.4381 0.1762 0.7228 0.3312 0.4594 0.8802 
Erro: 0.0339  Tempo:     1.60  K:   35  FW: 0.8769 0.5751 0.3479 0.8632 0.1243 0.2515 0.7598 0.9885 0.6398 0.3683 0.8623 0.9681 0.8892 0.4910 0.2296 0.0150 0.7319 0.1272 0.7359 0.7114 
Erro: 0.0229  Tempo:     3.30  K:  403  FW: 0.7943 0.5740 0.8067 0.5344 0.2714 0.1064 0.6279 0.7758 0.5585 0.6930 0.3328 0.1116 0.9314 0.5533 0.2328 0.7992 0.5012 0.5969 0.8008 0.1164 
Erro: 0.0334  Tempo:     3.85  K:  529  FW: 0.1002 0.4470 0.6013 0.5344 0.6691 0.3242 0.4384 0.8203 0.1207 0.2659 0.0961 0.2915 0.7768 0.1523 0.4839 0.4870 0.5941 0.0196 0.5963 0.6074 
Erro: 0.0258  Tempo:     3.83  K:  467  FW: 0.9056 0.8886 0.6009 0.1330 0.7722 0.0053 0.6279 0.9325 0.2145 0.2032 0.8694 0.5550 0.8664 0.3277 0.6205 0.2243 0.6988 0.7398 0.3583 0.5212 
Erro: 0.0839  Tempo:    12.25  K:  989  FW: 0.8288 0.8232 0.0245 0.8092 0.7090 0.0978 0.1971 0.2593 0.0495 0.6344 0.7400 0.9691 0.1851 0.5859 0.8363 0.2081 0.6193 0.6500 0.1706 0.7154 
Erro: 0.0508  Tempo:     2.91  K:  253  FW: 0.7078 0.4051 0.3578 0.8566 0.9088 0.9965 0.5906 0.6745 0.6305 0.6785 0.1454 0.0885 0.1796 0.5239 0.7848 0.2271 0.2084 0.7646 0.2257 0.0027 
Erro: 0.0574  Tempo:     4.32  K:  542  FW: 0.9468 0.2600 0.2800 0.5025 0.2197 0.9714 0.1664 0.6418 0.8419 0.4188 0.4936 0.5992 0.9995 0.8994 0.1944 0.2924 0.7200 0.8382 0.1767 0.6758 
Erro: 0.0256  Tempo:     3.48  K:  405  FW: 0.5549 0.4098 0.3986 0.1362 0.4760 0.7539 0.3836 0.2940 0.2202 0.6508 0.4632 0.6029 0.6771 0.1152 0.0811 0.2602 0.7438 0.0703 0.6572 0.3626 
Erro: 0.0245  Tempo:     2.36  K:  217  FW: 0.4649 0.0603 0.8796 0.3226 0.6407 0.4591 0.1211 0.3811 0.0272 0.9977 0.6660 0.1556 0.0309 0.9575 0.3700 0.0664 0.6108 0.8652 0.7523 0.8683 
Erro: 0.0259  Tempo:     1.36  K:    7  FW: 0.9888 0.0657 0.3094 0.6589 0.2295 0.5483 0.1469 0.9069 0.0770 0.9089 0.7209 0.2137 0.6472 0.0400 0.9809 0.5785 0.7659 0.7164 0.1521 0.4770 
Erro: 0.0277  Tempo:     3.64  K:  455  FW: 0.9244 0.0984 0.9075 0.6176 0.8468 0.8416 0.8303 0.4685 0.6402 0.0211 0.7231 0.1123 0.7786 0.1865 0.8827 0.3866 0.7308 0.3121 0.0272 0.7739 
Erro: 0.0855  Tempo:    10.10  K:  784  FW: 0.1519 0.4852 0.5497 0.0662 0.2895 0.0653 0.0465 0.8878 0.8681 0.1589 0.7413 0.2391 0.3058 0.6761 0.1816 0.2650 0.9077 0.1329 0.6374 0.9132 
Erro: 0.0534  Tempo:     5.62  K:  973  FW: 0.5196 0.9067 0.1108 0.8645 0.1045 0.1109 0.7335 0.5570 0.4402 0.4862 0.8743 0.0109 0.4006 0.9587 0.1974 0.7603 0.4643 0.6382 0.0480 0.7988 
Erro: 0.0351  Tempo:     2.25  K:  190  FW: 0.3572 0.8664 0.1217 0.2193 0.2060 0.1952 0.7566 0.9539 0.7884 0.0777 0.6550 0.5807 0.7667 0.5696 0.8688 0.0126 0.1877 0.8918 0.1216 0.5824 
Erro: 0.0261  Tempo:     1.79  K:   97  FW: 0.8735 0.6701 0.8085 0.8598 0.3042 0.1534 0.8053 0.3280 0.3767 0.5276 0.6442 0.7311 0.6595 0.2149 0.2916 0.8163 0.4483 0.9644 0.9721 0.1823 
Erro: 0.0251  Tempo:     2.24  K:  181  FW: 0.6934 0.2118 0.6887 0.7586 0.3312 0.3939 0.8832 0.0378 0.5439 0.4310 0.6525 0.6088 0.6397 0.0906 0.5592 0.6877 0.0714 0.7935 0.6001 0.3938 
Erro: 0.0322  Tempo:     4.64  K:  830  FW: 0.7149 0.2466 0.0881 0.0742 0.1639 0.0297 0.8810 0.0089 0.4418 0.3893 0.3262 0.2476 0.7474 0.3307 0.0507 0.9577 0.6073 0.6517 0.0811 0.4678 
Erro: 0.0392  Tempo:     5.22  K:  878  FW: 0.5022 0.2450 0.1460 0.1277 0.0537 0.7384 0.7283 0.9589 0.4124 0.8185 0.4223 0.1673 0.8297 0.8972 0.1346 0.8870 0.3094 0.6161 0.8445 0.2599 
Erro: 0.0325  Tempo:     3.72  K:  467  FW: 0.5651 0.6344 0.6530 0.3764 0.7611 0.5913 0.2997 0.9117 0.1006 0.5736 0.3073 0.3328 0.4055 0.8709 0.3813 0.6198 0.8307 0.2168 0.6309 0.9396 
Erro: 0.0572  Tempo:     5.02  K:  835  FW: 0.0715 0.7281 0.9912 0.3059 0.5762 0.6780 0.3591 0.2755 0.6741 0.9170 0.3185 0.1265 0.3723 0.2514 0.4815 0.6424 0.0730 0.0761 0.6379 0.3198 
Erro: 0.0384  Tempo:     5.61  K:  938  FW: 0.0179 0.5847 0.1036 0.3051 0.6850 0.0683 0.7823 0.5702 0.5440 0.7338 0.8833 0.6658 0.3445 0.5508 0.8188 0.4614 0.8190 0.1206 0.8780 0.4904 
Erro: 0.0265  Tempo:     3.71  K:  498  FW: 0.4111 0.1306 0.9705 0.6728 0.1343 0.4684 0.5632 0.1942 0.5628 0.2920 0.5063 0.5153 0.3656 0.8234 0.8816 0.4804 0.6312 0.2070 0.8954 0.6023 
Erro: 0.0250  Tempo:     3.70  K:  433  FW: 0.2030 0.6248 0.4207 0.5313 0.5669 0.3950 0.5592 0.3652 0.6843 0.3890 0.4425 0.8187 0.2366 0.2774 0.4837 0.6729 0.4439 0.8781 0.9107 0.6796 
Erro: 0.0514  Tempo:     5.47  K:  827  FW: 0.1839 0.8369 0.6532 0.1427 0.0085 0.8169 0.0757 0.2374 0.4082 0.6846 0.7958 0.3633 0.9133 0.4348 0.6909 0.1253 0.4832 0.4783 0.9562 0.4075 
Erro: 0.0357  Tempo:     2.13  K:  110  FW: 0.3452 0.7482 0.0622 0.4930 0.8257 0.0953 0.0792 0.9832 0.9441 0.6578 0.1952 0.9491 0.9632 0.0398 0.5828 0.1826 0.5904 0.5069 0.5728 0.6233 
Erro: 0.0282  Tempo:     2.54  K:  190  FW: 0.8833 0.4414 0.2368 0.0434 0.6000 0.6156 0.2406 0.6597 0.1824 0.7648 0.5176 0.7651 0.8342 0.7813 0.5467 0.4438 0.0332 0.2526 0.1155 0.8971 
Erro: 0.0479  Tempo:     4.96  K:  703  FW: 0.0337 0.1621 0.4611 0.8200 0.7189 0.6711 0.1430 0.2509 0.9296 0.2125 0.7638 0.0891 0.6650 0.4608 0.3786 0.6743 0.5751 0.1927 0.5438 0.4521 
Erro: 0.0266  Tempo:     3.48  K:  479  FW: 0.3268 0.9847 0.4879 0.1366 0.2323 0.2516 0.1295 0.8193 0.4037 0.6545 0.5157 0.0869 0.7005 0.5018 0.7042 0.6061 0.0476 0.0912 0.9729 0.6772 
Erro: 0.0463  Tempo:     4.31  K:  676  FW: 0.2712 0.3420 0.3861 0.0019 0.4068 0.9026 0.0958 0.5944 0.2809 0.8478 0.0937 0.1286 0.9260 0.5865 0.5382 0.5524 0.4141 0.6611 0.9311 0.0991 
Erro: 0.0279  Tempo:     2.73  K:  282  FW: 0.8262 0.3349 0.4942 0.8067 0.2014 0.1597 0.3443 0.1228 0.6491 0.7124 0.8883 0.8760 0.7105 0.4982 0.6128 0.0010 0.6703 0.3645 0.6647 0.6670 
Erro: 0.0269  Tempo:     1.65  K:   51  FW: 0.1640 0.7759 0.4554 0.6703 0.2519 0.2959 0.3082 0.4641 0.9319 0.3187 0.0946 0.2707 0.0469 0.9047 0.2518 0.5620 0.4453 0.3129 0.6803 0.2012 
Erro: 0.0257  Tempo:     2.16  K:  183  FW: 0.4141 0.7369 0.9085 0.9051 0.3305 0.1495 0.0848 0.3694 0.8973 0.9231 0.9389 0.6631 0.9810 0.8494 0.0965 0.1474 0.0715 0.6176 0.3829 0.2453 
Erro: 0.0866  Tempo:     7.06  K:  702  FW: 0.3533 0.6712 0.7321 0.1225 0.7839 0.2847 0.6237 0.5753 0.5671 0.0739 0.1598 0.1171 0.5018 0.3656 0.2515 0.6804 0.5979 0.5412 0.5404 0.4342 
Erro: 0.0234  Tempo:     3.00  K:  327  FW: 0.1764 0.7691 0.6283 0.6573 0.8132 0.7031 0.8029 0.5599 0.7226 0.3101 0.9785 0.2376 0.7268 0.6770 0.0614 0.4097 0.1409 0.6834 0.5559 0.2191 
Erro: 0.0575  Tempo:     3.29  K:  431  FW: 0.1330 0.8656 0.4606 0.5133 0.7191 0.9233 0.7945 0.5331 0.1292 0.1436 0.1291 0.7819 0.4189 0.4587 0.9558 0.3686 0.9101 0.0047 0.0945 0.1446 
Erro: 0.0252  Tempo:     4.18  K:  709  FW: 0.6579 0.2342 0.3082 0.1532 0.3536 0.7354 0.7941 0.3204 0.1650 0.3047 0.5110 0.1403 0.4886 0.5585 0.6685 0.3849 0.2459 0.0469 0.5472 0.9782 
Erro: 0.0211  Tempo:     3.84  K:  559  FW: 0.9680 0.5815 0.5487 0.3362 0.0150 0.2588 0.8467 0.9714 0.9061 0.8629 0.8868 0.2131 0.3909 0.9707 0.1320 0.7648 0.3480 0.3285 0.5792 0.1461 
Erro: 0.0321  Tempo:     2.11  K:  206  FW: 0.3174 0.4593 0.3480 0.9550 0.0318 0.8556 0.5639 0.7354 0.0489 0.4641 0.7262 0.0971 0.4514 0.2324 0.5502 0.4657 0.4439 0.2701 0.2795 0.2023 
Erro: 0.0313  Tempo:     2.94  K:  406  FW: 0.3749 0.1365 0.0819 0.0756 0.6253 0.4936 0.6313 0.2965 0.9084 0.0527 0.0527 0.3084 0.7939 0.7697 0.6505 0.3868 0.9665 0.7562 0.6039 0.9099 
Erro: 0.0412  Tempo:     3.98  K:  692  FW: 0.6748 0.7648 0.8526 0.0936 0.3828 0.6814 0.9040 0.1270 0.3944 0.0686 0.1188 0.5446 0.3331 0.3708 0.1827 0.4699 0.4365 0.0877 0.6506 0.3285 
Erro: 0.1004  Tempo:     7.84  K:  920  FW: 0.7513 0.4640 0.2224 0.2851 0.0489 0.0510 0.2593 0.1017 0.2273 0.1387 0.5789 0.4115 0.6375 0.8978 0.2846 0.6680 0.7710 0.2300 0.1777 0.5262 
Erro: 0.0331  Tempo:     2.70  K:  334  FW: 0.8934 0.5780 0.7756 0.3439 0.2151 0.8026 0.5324 0.3041 0.8717 0.3390 0.5376 0.7194 0.2002 0.0066 0.6199 0.3170 0.7197 0.9936 0.1576 0.9909 
Erro: 0.0657  Tempo:     5.08  K:  942  FW: 0.2565 0.0508 0.1232 0.9982 0.3762 0.7975 0.9122 0.1105 0.8220 0.7403 0.8700 0.7402 0.0255 0.8764 0.2811 0.4050 0.8101 0.3210 0.2433 0.6732 
Erro: 0.0249  Tempo:     2.11  K:  177  FW: 0.8516 0.6908 0.1665 0.9779 0.1261 0.2074 0.8944 0.6779 0.3101 0.4157 0.8079 0.4101 0.2996 0.2707 0.7428 0.0585 0.3810 0.4019 0.5521 0.5605 
Erro: 0.0327  Tempo:     1.85  K:   94  FW: 0.2901 0.5859 0.3169 0.4924 0.0522 0.9336 0.6735 0.3598 0.7185 0.4476 0.5555 0.5817 0.3061 0.0676 0.5158 0.5570 0.2011 0.3132 0.2879 0.6790 
Erro: 0.0282  Tempo:     1.87  K:  104  FW: 0.2273 0.3337 0.8151 0.3658 0.4594 0.3282 0.4143 0.7577 0.1782 0.5923 0.7969 0.4487 0.8425 0.2099 0.2507 0.5096 0.2714 0.3917 0.6564 0.9872 
Erro: 0.0942  Tempo:     5.01  K:  823  FW: 0.8966 0.9786 0.0100 0.7233 0.8239 0.0248 0.9892 0.3034 0.8058 0.4777 0.1388 0.3844 0.8210 0.6559 0.9154 0.4894 0.9415 0.9650 0.3838 0.2499 
Erro: 0.0325  Tempo:     1.45  K:   21  FW: 0.8162 0.2818 0.9922 0.0940 0.8864 0.9847 0.3648 0.4416 0.3856 0.8224 0.0869 0.7950 0.8402 0.5880 0.8228 0.2768 0.7137 0.2364 0.0699 0.4315 
Erro: 0.0232  Tempo:     2.83  K:  288  FW: 0.9685 0.0178 0.8759 0.1151 0.3363 0.5442 0.9995 0.2565 0.5439 0.1576 0.6043 0.0606 0.4458 0.7465 0.6326 0.0968 0.0677 0.3860 0.3734 0.9971 
Erro: 0.0452  Tempo:     4.83  K:  778  FW: 0.0736 0.0186 0.8968 0.8123 0.5679 0.9155 0.8623 0.3279 0.2569 0.6972 0.2308 0.2373 0.7664 0.0896 0.2451 0.5033 0.4884 0.2730 0.3255 0.0983 
Erro: 0.0290  Tempo:     3.81  K:  547  FW: 0.6706 0.9994 0.2650 0.2304 0.7868 0.2015 0.0568 0.4532 0.0452 0.4760 0.0286 0.6606 0.7083 0.0942 0.9526 0.6668 0.9392 0.2795 0.5748 0.3797 
Erro: 0.0325  Tempo:     4.80  K:  712  FW: 0.9828 0.0510 0.4918 0.2571 0.5296 0.6479 0.6893 0.4878 0.0367 0.0525 0.9887 0.6979 0.9568 0.6610 0.5075 0.2735 0.7750 0.5521 0.2659 0.5339 
Erro: 0.0248  Tempo:     4.27  K:  660  FW: 0.5317 0.6059 0.1291 0.1546 0.5025 0.6194 0.2270 0.7191 0.0149 0.6235 0.7115 0.0270 0.3146 0.3243 0.7476 0.7762 0.1559 0.3182 0.1452 0.7174 
Erro: 0.0218  Tempo:     3.78  K:  535  FW: 0.1529 0.5094 0.6396 0.4201 0.7633 0.0933 0.6644 0.1259 0.7201 0.9772 0.4749 0.3472 0.7549 0.9701 0.7124 0.1904 0.1542 0.5999 0.1442 0.8042 
Erro: 0.0295  Tempo:     1.32  K:   35  FW: 0.2492 0.3888 0.6164 0.1606 0.2654 0.6686 0.8034 0.1424 0.6033 0.5713 0.5045 0.8753 0.1445 0.3828 0.4304 0.5078 0.1638 0.0142 0.0730 0.1511 
Erro: 0.0357  Tempo:     1.99  K:  119  FW: 0.5686 0.5867 0.1435 0.8586 0.0314 0.7897 0.3391 0.8947 0.6206 1.0000 0.2827 0.6981 0.8097 0.0532 0.9355 0.8846 0.9091 0.8405 0.8095 0.6941 
Erro: 0.0884  Tempo:     9.32  K:  744  FW: 0.6819 0.9051 0.2951 0.3533 0.2794 0.5646 0.4183 0.7979 0.5570 0.5003 0.1088 0.6948 0.0821 0.8772 0.3356 0.2682 0.8646 0.1291 0.3495 0.1169 
Erro: 0.0232  Tempo:     3.26  K:  493  FW: 0.7305 0.5533 0.3827 0.0180 0.2778 0.4691 0.7484 0.0177 0.3183 0.9610 0.6151 0.1656 0.0625 0.3811 0.2766 0.9537 0.1121 0.1609 0.1474 0.7253 
Erro: 0.0283  Tempo:     2.44  K:  283  FW: 0.1638 0.1666 0.1069 0.3556 0.5034 0.5028 0.2413 0.9598 0.6290 0.9032 0.5154 0.8470 0.2553 0.1034 0.4195 0.4020 0.6827 0.0551 0.2212 0.6598 
Erro: 0.0830  Tempo:     8.73  K:  775  FW: 0.8572 0.2159 0.4961 0.1994 0.9984 0.7752 0.3197 0.7821 0.6688 0.3721 0.0209 0.7174 0.2388 0.5870 0.1645 0.2552 0.1311 0.6237 0.9148 0.3113 
Erro: 0.0468  Tempo:     3.69  K:  566  FW: 0.8118 0.5483 0.8135 0.3521 0.4566 0.6876 0.0126 0.0176 0.4177 0.3674 0.2249 0.1093 0.6270 0.3851 0.6174 0.8204 0.3520 0.2737 0.1089 0.4444 
Erro: 0.0272  Tempo:     3.17  K:  454  FW: 0.6059 0.2230 0.0914 0.4175 0.2662 0.0968 0.1028 0.6923 0.5660 0.6620 0.8093 0.1889 0.9533 0.8952 0.6749 0.3519 0.1351 0.2236 0.0081 0.5080 
Erro: 0.0241  Tempo:     3.47  K:  480  FW: 0.2332 0.0430 0.9201 0.8561 0.6657 0.4052 0.5996 0.5570 0.5264 0.7472 0.4099 0.2027 0.5272 0.3110 0.6593 0.9879 0.0886 0.4749 0.8698 0.9317 
Erro: 0.0265  Tempo:     1.91  K:   86  FW: 0.4101 0.7439 0.9286 0.2323 0.3809 0.6623 0.7720 0.5662 0.2402 0.0888 0.7927 0.3591 0.2724 0.8517 0.5026 0.6770 0.1926 0.7932 0.9831 0.1527 
Erro: 0.0244  Tempo:     3.30  K:  456  FW: 0.3953 0.3243 0.1734 0.5966 0.6425 0.0698 0.0212 0.0015 0.2725 0.0524 0.8869 0.4121 0.0111 0.6709 0.1321 0.7166 0.2262 0.8794 0.0410 0.6920 
Erro: 0.0234  Tempo:     4.46  K:  677  FW: 0.0397 0.4569 0.9473 0.1964 0.3247 0.7507 0.9179 0.0548 0.3435 0.8430 0.2381 0.4550 0.9267 0.6805 0.1577 0.7500 0.3572 0.3058 0.8844 0.1524 
Erro: 0.0216  Tempo:     4.31  K:  581  FW: 0.0157 0.2811 0.9598 0.4333 0.5400 0.0314 0.5498 0.8085 0.3728 0.9147 0.6047 0.3742 0.4487 0.0412 0.7869 0.8315 0.9083 0.8546 0.9372 0.4421 
Erro: 0.0292  Tempo:     2.36  K:  210  FW: 0.1894 0.1335 0.3949 0.2696 0.8156 0.9550 0.0733 0.3379 0.7831 0.8051 0.9005 0.5849 0.8821 0.2576 0.4288 0.7263 0.4691 0.2372 0.3364 0.8914 
Erro: 0.0226  Tempo:     4.26  K:  611  FW: 0.7922 0.0975 0.7462 0.2654 0.9789 0.3722 0.3531 0.8814 0.0273 0.8784 0.6509 0.4280 0.8686 0.1577 0.3968 0.5999 0.9259 0.7762 0.1327 0.8068 
Erro: 0.0219  Tempo:     2.85  K:  347  FW: 0.1652 0.4460 0.6278 0.4209 0.5589 0.9813 0.7205 0.6755 0.2219 0.5777 0.9129 0.4262 0.4602 0.5149 0.0140 0.4348 0.3010 0.1630 0.4243 0.4456 
Erro: 0.0887  Tempo:     9.18  K:  741  FW: 0.5855 0.8555 0.9913 0.0782 0.0311 0.1866 0.2922 0.0993 0.5970 0.4339 0.3046 0.7793 0.9946 0.5712 0.2134 0.8155 0.5758 0.3714 0.3148 0.7755 
Erro: 0.0294  Tempo:     3.33  K:  524  FW: 0.5411 0.2129 0.0429 0.9511 0.5450 0.0473 0.0557 0.8915 0.7846 0.0809 0.2160 0.2193 0.5029 0.9050 0.8530 0.8202 0.2511 0.2047 0.6986 0.5274 
Erro: 0.0295  Tempo:     2.05  K:  161  FW: 0.3980 0.6222 0.3286 0.6824 0.3839 0.3318 0.5562 0.1809 0.8451 0.2864 0.9422 0.4385 0.1525 0.7233 0.7437 0.1103 0.5947 0.1263 0.2268 0.0265 
Erro: 0.0241  Tempo:     2.73  K:  352  FW: 0.0482 0.0712 0.7305 0.1920 0.7544 0.1041 0.7843 0.4214 0.9931 0.5978 0.2792 0.8774 0.9078 0.3143 0.3748 0.9516 0.4826 0.8905 0.2885 0.7274 
Erro: 0.0242  Tempo:     3.15  K:  403  FW: 0.2699 0.5677 0.6726 0.4777 0.3766 0.5004 0.4737 0.9960 0.8043 0.8721 0.8805 0.4182 0.0715 0.7785 0.1951 0.6297 0.0074 0.3224 0.9894 0.6989 
Erro: 0.0286  Tempo:     2.95  K:  321  FW: 0.6556 0.6667 0.4583 0.5737 0.7025 0.3099 0.9282 0.8570 0.8923 0.6862 0.3567 0.4701 0.9450 0.7960 0.9842 0.8172 0.8537 0.9685 0.1528 0.3927 
Erro: 0.0247  Tempo:     3.59  K:  573  FW: 0.4322 0.1759 0.4874 0.9112 0.3347 0.0740 0.3358 0.1020 0.3574 0.9304 0.0920 0.9308 0.3492 0.5998 0.5743 0.9798 0.1961 0.0339 0.3964 0.4762 
Erro: 0.0842  Tempo:     8.83  K:  837  FW: 0.6207 0.7517 0.6614 0.1537 0.8552 0.5999 0.3390 0.7548 0.3697 0.2052 0.8686 0.5548 0.9300 0.8109 0.9612 0.1142 0.5071 0.0834 0.9650 0.1315 
Erro: 0.0494  Tempo:     3.50  K:  510  FW: 0.8537 0.2718 0.2998 0.8916 0.0448 0.6941 0.4078 0.6960 0.6554 0.8500 0.0142 0.6510 0.3808 0.5637 0.8529 0.0732 0.6652 0.5274 0.6842 0.2258 
Erro: 0.0490  Tempo:     5.29  K:  970  FW: 0.3293 0.2314 0.7247 0.0441 0.2531 0.9128 0.9014 0.1811 0.3864 0.7713 0.9111 0.7937 0.4477 0.1886 0.5094 0.8443 0.7750 0.0262 0.1544 0.4916 
Erro: 0.0292  Tempo:     2.57  K:  295  FW: 0.0598 0.6288 0.3620 0.1165 0.8522 0.9117 0.0164 0.5007 0.5023 0.0232 0.3809 0.5004 0.2410 0.5317 0.9662 0.8968 0.0895 0.8005 0.9021 0.5420 
Erro: 0.0260  Tempo:     1.64  K:   88  FW: 0.1529 0.4681 0.4242 0.5612 0.5677 0.1321 0.5659 0.6471 0.6485 0.4296 0.4493 0.3708 0.2669 0.5356 0.1733 0.4736 0.4344 0.1282 0.2337 0.7033 
Erro: 0.0224  Tempo:     1.89  K:  133  FW: 0.4921 0.8838 0.1754 0.5228 0.5071 0.0676 0.7012 0.0221 0.4267 0.4240 0.8850 0.9300 0.4115 0.6538 0.1215 0.7616 0.2143 0.9065 0.0482 0.6987 
Erro: 0.0338  Tempo:     2.13  K:  142  FW: 0.8559 0.6830 0.6887 0.3850 0.9128 0.7829 0.3510 0.6802 0.3077 0.8543 0.0749 0.7743 0.7929 0.6237 0.8188 0.0103 0.3752 0.2315 0.0336 0.5968 
Erro: 0.0238  Tempo:     1.08  K:    5  FW: 0.8170 0.0597 0.1724 0.9824 0.1560 0.5392 0.5801 0.8972 0.2655 0.4857 0.7501 0.2420 0.6945 0.5342 0.9792 0.9323 0.8887 0.3942 0.2194 0.4832 
Erro: 0.0268  Tempo:     3.11  K:  387  FW: 0.5925 0.2161 0.5459 0.4788 0.3786 0.4773 0.1524 0.7000 0.7116 0.6682 0.8729 0.3727 0.7734 0.7790 0.5830 0.6012 0.1344 0.3579 0.8680 0.7541 
Erro: 0.0248  Tempo:     2.92  K:  388  FW: 0.8091 0.1363 0.8406 0.9232 0.6627 0.0479 0.5573 0.1740 0.3873 0.7493 0.4037 0.2048 0.5212 0.2041 0.5119 0.6640 0.0685 0.4915 0.8727 0.9333 
Erro: 0.0241  Tempo:     2.75  K:  327  FW: 0.3738 0.6173 0.6317 0.6670 0.7079 0.5806 0.8669 0.5418 0.7081 0.3474 0.9600 0.2032 0.9460 0.7282 0.1369 0.4180 0.7951 0.5715 0.0530 0.3378 
Erro: 0.0581  Tempo:     4.21  K:  702  FW: 0.1835 0.8668 0.3144 0.5427 0.3627 0.9289 0.6425 0.1086 0.7016 0.4470 0.6227 0.8989 0.4996 0.1134 0.6858 0.5414 0.3480 0.3572 0.3335 0.8035 
Erro: 0.0515  Tempo:     4.59  K:  725  FW: 0.5964 0.7516 0.7687 0.6258 0.7959 0.4856 0.8916 0.5040 0.3970 0.0871 0.1256 0.5307 0.1892 0.6711 0.6076 0.4709 0.5889 0.3959 0.6455 0.5762 
Erro: 0.0267  Tempo:     3.18  K:  431  FW: 0.6539 0.3331 0.5215 0.0331 0.3110 0.1121 0.3083 0.1098 0.2405 0.8457 0.5241 0.8356 0.7368 0.5058 0.6246 0.3526 0.4029 0.0369 0.6798 0.9902 
