K:    1  Ind:       1.3495  Tempo:    18.61  FW: 1.0000 0.0000 0.8622 0.3188 0.0000 0.0000 0.3426 1.0000 1.0000 0.0000 1.0000 0.7254 0.0000 0.7147 0.0000 0.0000 1.0000 1.0000 1.0000 0.6715 0.0000 0.7172 1.0000 
K:   55  Ind:      63.2642  Tempo:   166.36  FW: 0.1829 0.4501 0.1776 0.2510 0.5118 0.4465 0.5326 0.7890 0.8841 0.2606 0.3400 0.0057 0.4723 0.6668 0.7598 0.9288 0.6602 0.0813 0.6270 0.5908 0.8522 0.3888 0.2600 
K:  241  Ind:     259.0400  Tempo:   212.54  FW: 0.4177 0.4424 0.8972 0.4633 0.4857 0.7138 0.5523 0.9952 0.0946 0.2818 0.5017 0.5876 0.4578 0.9132 0.5982 0.8325 0.2152 0.1653 0.2715 0.5487 0.3203 0.1522 0.6252 
K:  341  Ind:     371.1037  Tempo:   223.74  FW: 0.6791 0.7702 0.2819 0.2662 0.9394 0.5437 0.0196 0.4963 0.0911 0.6759 0.6896 0.2145 0.4911 0.5465 0.6804 0.4965 0.6194 0.1163 0.0827 0.4891 0.1514 0.2100 0.3281 
K:   77  Ind:      87.8608  Tempo:   208.72  FW: 0.5767 0.6073 0.5134 0.2176 0.5836 0.0259 0.8397 0.8588 0.4075 0.6198 0.8271 0.1623 0.0297 0.1599 0.2419 0.7213 0.0833 0.9245 0.8598 0.7977 0.8240 0.5499 0.3583 
K:  185  Ind:     200.7976  Tempo:   221.44  FW: 0.9427 0.2428 0.0133 0.6816 0.8116 0.4564 0.6451 0.7588 0.1881 0.2754 0.7984 0.4470 0.0581 0.6270 0.0390 0.2681 0.6506 0.5485 0.3826 0.3417 0.6525 0.9024 0.1571 
K:  817  Ind:     761.7988  Tempo:   469.20  FW: 0.8034 0.3658 0.3596 0.5975 0.9345 0.1489 0.1892 0.5710 0.1565 0.6532 0.1239 0.0014 0.1326 0.1417 0.0553 0.5768 0.9258 0.4639 0.9757 0.1202 0.8952 0.8657 0.9758 
K:  124  Ind:     138.7197  Tempo:   147.09  FW: 0.5479 0.7549 0.4417 0.1059 0.9976 0.3260 0.7060 0.2638 0.1669 0.0662 0.6359 0.2798 0.8648 0.5175 0.1183 0.3989 0.0936 0.5137 0.3879 0.0889 0.2489 0.8782 0.8013 
K:  960  Ind:     929.7401  Tempo:   431.25  FW: 0.6241 0.4609 0.6352 0.1875 0.0669 0.2859 0.1525 0.0614 0.0496 0.8272 0.2605 0.7000 0.0240 0.9227 0.5669 0.2983 0.4647 0.4765 0.8732 0.1454 0.3639 0.8867 0.5068 
K:  568  Ind:     606.8760  Tempo:   338.96  FW: 0.8055 0.1194 0.7856 0.3164 0.5518 0.5768 0.4519 0.8300 0.1108 0.1485 0.0321 0.5430 0.3829 0.4885 0.7006 0.5121 0.5835 0.8805 0.7293 0.0891 0.8034 0.3264 0.9250 
K:  241  Ind:     265.6124  Tempo:   215.69  FW: 0.4228 0.0445 0.0538 0.7437 0.4317 0.5747 0.6800 0.3091 0.6098 0.6520 0.2033 0.0835 0.2653 0.1788 0.8677 0.2349 0.9933 0.1767 0.8837 0.3593 0.4081 0.6550 0.3908 
K:  775  Ind:     807.6987  Tempo:   420.69  FW: 0.8314 0.4484 0.1781 0.8324 0.7669 0.5989 0.0013 0.6715 0.8311 0.9954 0.9704 0.8154 0.2537 0.7388 0.3118 0.8113 0.5862 0.8613 0.9412 0.4104 0.3118 0.8963 0.0373 
K:    6  Ind:       7.1534  Tempo:    56.16  FW: 0.3909 0.4046 0.1002 0.5306 0.8296 0.5583 0.2207 0.1338 0.7424 0.9013 0.9643 0.9390 0.6088 0.8006 0.4427 0.5666 0.5828 0.3832 0.6607 0.1182 0.0741 0.9834 0.4297 
K:   77  Ind:      85.8434  Tempo:   164.17  FW: 0.2691 0.2621 0.2425 0.7406 0.5013 0.6096 0.0073 0.4139 0.3862 0.2284 0.5916 0.9497 0.6030 0.9258 0.7118 0.7087 0.2038 0.5629 0.1695 0.3941 0.6109 0.8074 0.9454 
K:  499  Ind:     532.7192  Tempo:   312.38  FW: 0.4889 0.4243 0.0427 0.9338 0.9891 0.8004 0.0563 0.5694 0.0492 0.2037 0.7472 0.7532 0.0921 0.3741 0.5480 0.1992 0.2343 0.8109 0.2182 0.7922 0.3668 0.2902 0.7167 
K:  381  Ind:     413.7833  Tempo:   294.16  FW: 0.8594 0.2362 0.8589 0.3175 0.5835 0.7284 0.6559 0.5294 0.6074 0.7817 0.5279 0.6073 0.2133 0.4182 0.8842 0.1411 0.4900 0.6917 0.6396 0.9596 0.2441 0.8058 0.9294 
K:  120  Ind:     135.0783  Tempo:   142.40  FW: 0.2316 0.4624 0.1891 0.1098 0.8021 0.9227 0.0560 0.4480 0.4366 0.9912 0.9085 0.0304 0.4210 0.0137 0.4429 0.9018 0.2364 0.1589 0.9031 0.2125 0.5341 0.3460 0.0846 
K:  402  Ind:     432.1588  Tempo:   256.23  FW: 0.7379 0.5861 0.0715 0.7593 0.0546 0.8344 0.7624 0.5870 0.4064 0.3109 0.2994 0.4736 0.8705 0.7946 0.0018 0.0763 0.7811 0.5706 0.9280 0.6219 0.0076 0.5765 0.8837 
K:  163  Ind:     180.9183  Tempo:   206.53  FW: 0.5211 0.0012 0.1465 0.6555 0.0871 0.0707 0.5996 0.2354 0.4367 0.6147 0.9037 0.4617 0.5824 0.7207 0.8622 0.6725 0.7898 0.4722 0.5173 0.3764 0.9240 0.9514 0.4325 
K:  962  Ind:    1004.0554  Tempo:   377.20  FW: 0.1734 0.0636 0.8182 0.2941 0.1771 0.9137 0.0034 0.3181 0.7551 0.6589 0.0198 0.8988 0.9852 0.5313 0.4825 0.7830 0.8478 0.3702 0.1890 0.8398 0.5305 0.9840 0.0326 
K:  754  Ind:     762.7304  Tempo:   444.85  FW: 0.6177 0.7093 0.9844 0.1962 0.7505 0.5492 0.9419 0.5566 0.0236 0.4390 0.0293 0.1998 0.3801 0.0010 0.4024 0.6871 0.4243 0.2980 0.6884 0.6710 0.4483 0.4907 0.0331 
K:  108  Ind:     121.7777  Tempo:   149.59  FW: 0.1332 0.1097 0.7640 0.6855 0.2364 0.8828 0.3939 0.2076 0.4976 0.4024 0.1478 0.8429 0.2802 0.0844 0.8956 0.6137 0.3558 0.8462 0.8964 0.8850 0.9585 0.9213 0.7444 
K:  514  Ind:     564.1349  Tempo:   304.15  FW: 0.0527 0.1500 0.8949 0.7639 0.3909 0.6948 0.9616 0.0760 0.4018 0.1139 0.0686 0.4504 0.1323 0.8852 0.1900 0.9519 0.8594 0.9617 0.8311 0.7538 0.7023 0.6054 0.8256 
K:  655  Ind:     702.1092  Tempo:   366.14  FW: 0.5468 0.9160 0.2055 0.4326 0.5357 0.5824 0.6712 0.7897 0.7804 0.8621 0.6754 0.0832 0.2788 0.3378 0.0538 0.1986 0.3051 0.8863 0.9376 0.5669 0.0651 0.9120 0.9649 
K:  352  Ind:     373.6146  Tempo:   172.28  FW: 0.9203 0.3477 0.2126 0.2405 0.1015 0.4979 0.4306 0.9748 0.3242 0.2297 0.9277 0.6279 0.1254 0.9108 0.8960 0.8208 0.7081 0.9094 0.1688 0.8321 0.0293 0.0128 0.3045 
K:  443  Ind:     488.6180  Tempo:   232.89  FW: 0.0835 0.1058 0.4648 0.3508 0.6237 0.7844 0.0741 0.6769 0.9508 0.9922 0.1176 0.8879 0.4378 0.8113 0.9155 0.7242 0.1588 0.8165 0.8623 0.0457 0.1501 0.7163 0.0904 
K:  757  Ind:     796.0255  Tempo:   378.38  FW: 0.6099 0.2089 0.9344 0.1683 0.6026 0.9437 0.4406 0.7257 0.2322 0.8844 0.6983 0.8584 0.4169 0.1692 0.3081 0.2864 0.0337 0.3830 0.6329 0.4756 0.6384 0.8907 0.4269 
K:   79  Ind:      88.8611  Tempo:   139.80  FW: 0.8253 0.2187 0.4145 0.8711 0.4775 0.2467 0.7851 0.8266 0.0672 0.3954 0.6618 0.5677 0.1096 0.2503 0.5786 0.1070 0.1138 0.8448 0.5251 0.1844 0.9875 0.4060 0.4439 
K:  680  Ind:     704.1334  Tempo:   332.30  FW: 0.9631 0.3868 0.1231 0.7581 0.0300 0.8778 0.1222 0.5733 0.3541 0.4026 0.2790 0.8713 0.7231 0.4315 0.5199 0.8639 0.5058 0.7571 0.7292 0.6423 0.0226 0.9518 0.1138 
K:  622  Ind:     641.3383  Tempo:   327.56  FW: 0.9516 0.5201 0.1341 0.4579 0.6289 0.3900 0.9547 0.6501 0.2545 0.3302 0.2501 0.6957 0.5027 0.3193 0.9677 0.4633 0.8022 0.8583 0.5090 0.3730 0.2392 0.7386 0.6409 
K:  287  Ind:     318.0991  Tempo:   321.52  FW: 0.9047 0.9452 0.8604 0.1420 0.4116 0.8840 0.5905 0.0606 0.1270 0.9047 0.5831 0.1367 0.6809 0.1276 0.8270 0.1582 0.9904 0.7236 0.8087 0.3563 0.8152 0.6939 0.9436 
K:  277  Ind:     306.3397  Tempo:   286.70  FW: 0.4588 0.6022 0.1925 0.6948 0.9861 0.7218 0.5716 0.0110 0.7271 0.2905 0.4657 0.1436 0.7862 0.5643 0.2036 0.5746 0.9581 0.2072 0.4809 0.0317 0.4677 0.4065 0.3766 
K:  996  Ind:    1030.6224  Tempo:   464.53  FW: 0.4324 0.9937 0.2878 0.7581 0.6730 0.4547 0.2436 0.3934 0.8051 0.1987 0.3264 0.3816 0.8896 0.0840 0.2514 0.4030 0.7968 0.2368 0.2976 0.0505 0.9984 0.0335 0.5543 
K:  853  Ind:     908.3562  Tempo:   365.82  FW: 0.3395 0.7413 0.2999 0.9357 0.9064 0.8266 0.0261 0.3287 0.6060 0.8900 0.2677 0.3843 0.4138 0.2488 0.3044 0.5383 0.8106 0.1754 0.1175 0.7933 0.2192 0.4987 0.2449 
K:  917  Ind:     942.3615  Tempo:   398.59  FW: 0.4799 0.6358 0.0634 0.0986 0.5278 0.5975 0.9386 0.5114 0.9810 0.0902 0.6153 0.6799 0.4754 0.5553 0.6522 0.9500 0.6568 0.9046 0.4967 0.4738 0.0036 0.3125 0.5786 
K:  146  Ind:     162.9863  Tempo:   174.47  FW: 0.4897 0.6714 0.5972 0.9569 0.5102 0.8962 0.1739 0.8715 0.1439 0.0590 0.9548 0.8567 0.4694 0.5693 0.5932 0.8041 0.8237 0.7096 0.7462 0.9018 0.0482 0.9591 0.2351 
K:  755  Ind:     823.3374  Tempo:   369.24  FW: 0.2373 0.0067 0.4896 0.4325 0.8044 0.7202 0.2180 0.6146 0.0086 0.8299 0.4462 0.7080 0.2165 0.9227 0.6101 0.3346 0.7086 0.9861 0.7116 0.7592 0.4225 0.7288 0.2898 
K:  539  Ind:     585.8639  Tempo:   443.03  FW: 0.4538 0.5225 0.9995 0.1611 0.2691 0.3889 0.7064 0.4425 0.7386 0.8876 0.5163 0.7040 0.6580 0.9869 0.5433 0.5470 0.1626 0.7751 0.9711 0.6894 0.9702 0.3911 0.4008 
K:  550  Ind:     593.4764  Tempo:   236.65  FW: 0.1981 0.3935 0.1842 0.6537 0.2101 0.2834 0.4363 0.7117 0.1548 0.5197 0.5332 0.5078 0.8350 0.2603 0.9763 0.3270 0.6057 0.9829 0.8789 0.0522 0.2838 0.3164 0.8806 
K:  550  Ind:     595.0472  Tempo:   367.48  FW: 0.5000 0.6790 0.7378 0.1343 0.6802 0.8961 0.1710 0.3209 0.9995 0.5216 0.4996 0.8473 0.7722 0.6299 0.4528 0.0700 0.6843 0.8329 0.1513 0.6028 0.3106 0.4057 0.3105 
K:  710  Ind:     733.2046  Tempo:   325.90  FW: 0.5785 0.6753 0.0495 0.9644 0.2277 0.1955 0.5002 0.0915 0.1273 0.5845 0.4416 0.4089 0.3430 0.9875 0.8762 0.3466 0.4726 0.6335 0.3839 0.1883 0.0465 0.4162 0.9433 
K:  580  Ind:     626.6526  Tempo:   322.04  FW: 0.3724 0.4849 0.5619 0.3175 0.3390 0.7167 0.0684 0.5323 0.7461 0.6963 0.2554 0.1381 0.4742 0.4662 0.2163 0.9223 0.1979 0.1991 0.8454 0.2313 0.4206 0.6310 0.0039 
K:  826  Ind:     856.8788  Tempo:   452.89  FW: 0.8003 0.7210 0.7069 0.3813 0.2243 0.8641 0.4951 0.1910 0.6249 0.6390 0.6505 0.2988 0.0597 0.3581 0.9522 0.0988 0.3848 0.3546 0.0257 0.1932 0.7105 0.7181 0.2702 
K:  586  Ind:     618.8595  Tempo:   315.86  FW: 0.7441 0.6476 0.7287 0.1265 0.2955 0.8008 0.5170 0.0900 0.8030 0.5005 0.8975 0.0704 0.9867 0.4063 0.1320 0.7672 0.8951 0.5127 0.3493 0.6617 0.3852 0.1528 0.4962 
K:  869  Ind:     942.9747  Tempo:   280.49  FW: 0.1062 0.8611 0.7363 0.2902 0.1790 0.2753 0.2649 0.3643 0.0364 0.0303 0.9383 0.3405 0.0770 0.6857 0.2026 0.8312 0.2584 0.7518 0.9091 0.1663 0.8868 0.1529 0.2142 
K:  647  Ind:     682.0988  Tempo:   415.51  FW: 0.4886 0.7805 0.3624 0.6035 0.4516 0.0462 0.6690 0.4350 0.4550 0.3124 0.7963 0.3107 0.6382 0.0702 0.0273 0.6255 0.7127 0.3611 0.7771 0.8781 0.5749 0.4305 0.4995 
K:  153  Ind:     168.6699  Tempo:   215.31  FW: 0.6490 0.5439 0.5400 0.1544 0.7295 0.9880 0.1192 0.8277 0.8190 0.4840 0.7337 0.5236 0.5430 0.6825 0.1692 0.9685 0.9196 0.4927 0.9575 0.5352 0.8111 0.0130 0.8335 
K:  831  Ind:     802.0276  Tempo:   316.69  FW: 0.0305 0.6444 0.9312 0.6318 0.2442 0.2866 0.6616 0.9884 0.3279 0.0859 0.3321 0.7413 0.2687 0.2197 0.6401 0.2042 0.1957 0.0836 0.1389 0.0936 0.5106 0.9232 0.1275 
K:  137  Ind:     153.2652  Tempo:   164.70  FW: 0.1672 0.5303 0.7455 0.0244 0.3119 0.4073 0.5238 0.7896 0.4077 0.5402 0.4068 0.8595 0.2179 0.7831 0.7290 0.7512 0.1692 0.2435 0.8613 0.3735 0.3813 0.2682 0.8945 
K:  446  Ind:     462.9838  Tempo:   165.71  FW: 0.7303 0.3445 0.6147 0.2916 0.2486 0.3037 0.0781 0.1311 0.2085 0.2235 0.6991 0.2470 0.3429 0.8735 0.4391 0.1203 0.7902 0.2334 0.3424 0.2598 0.0239 0.1692 0.7343 
K:  146  Ind:     163.9907  Tempo:   147.59  FW: 0.9841 0.5254 0.1040 0.1249 0.7725 0.1228 0.3760 0.3826 0.8854 0.9620 0.7284 0.3381 0.8998 0.9316 0.4884 0.0728 0.0486 0.1787 0.5426 0.0635 0.4189 0.3788 0.5676 
K:  352  Ind:     390.9535  Tempo:   227.86  FW: 0.1978 0.4257 0.0521 0.1088 0.6624 0.9809 0.0830 0.4038 0.6240 0.9635 0.1355 0.4334 0.0596 0.6086 0.4510 0.3298 0.7715 0.3246 0.7513 0.9778 0.5342 0.6808 0.6411 
K:  265  Ind:     288.2111  Tempo:   111.90  FW: 0.0155 0.0938 0.9121 0.4294 0.5573 0.6643 0.4827 0.4514 0.0349 0.2599 0.8984 0.2985 0.8564 0.5659 0.2503 0.2782 0.2273 0.1698 0.0044 0.6227 0.4837 0.0708 0.6250 
K:  490  Ind:     441.6568  Tempo:   304.32  FW: 0.9289 0.8444 0.0320 0.7844 0.2751 0.0548 0.8637 0.3747 0.0304 0.3290 0.2860 0.8945 0.9571 0.5110 0.2052 0.7743 0.8313 0.0402 0.4804 0.8575 0.7193 0.3957 0.0524 
K:  913  Ind:     938.8975  Tempo:   471.78  FW: 0.9730 0.6473 0.9884 0.6207 0.7043 0.9718 0.4249 0.2851 0.1557 0.7203 0.6982 0.6708 0.4716 0.2834 0.6444 0.0680 0.9548 0.7954 0.0159 0.7062 0.9474 0.6595 0.6316 
K:  183  Ind:     204.9413  Tempo:   188.66  FW: 0.4317 0.6963 0.4685 0.4243 0.0442 0.6732 0.2212 0.8051 0.8549 0.5233 0.7537 0.9262 0.1210 0.1629 0.2881 0.9761 0.4810 0.8638 0.9970 0.9733 0.1027 0.8402 0.3985 
K:  230  Ind:     250.9170  Tempo:   164.92  FW: 0.5186 0.5447 0.1182 0.4022 0.3782 0.4170 0.2976 0.5846 0.4186 0.9336 0.8584 0.8558 0.1567 0.8497 0.7487 0.8651 0.7795 0.1715 0.9550 0.2868 0.1668 0.3294 0.4268 
K:  188  Ind:     213.6339  Tempo:   188.31  FW: 0.0292 0.6678 0.6299 0.1123 0.5301 0.8936 0.0156 0.3971 0.0014 0.7926 0.5718 0.3141 0.7578 0.9976 0.2828 0.5211 0.6689 0.2513 0.3753 0.3203 0.6276 0.8466 0.6711 
K:  474  Ind:     508.0222  Tempo:   318.41  FW: 0.6987 0.5466 0.5737 0.5312 0.3367 0.9394 0.7629 0.8106 0.6333 0.5884 0.9158 0.5222 0.9480 0.6833 0.0948 0.3192 0.8195 0.3610 0.7663 0.9308 0.1530 0.6265 0.6042 
K:   85  Ind:      96.5481  Tempo:   126.50  FW: 0.6596 0.6393 0.8985 0.9828 0.0427 0.7567 0.2573 0.0610 0.3463 0.5595 0.1048 0.6112 0.0149 0.9817 0.3320 0.4967 0.6154 0.3644 0.2027 0.9912 0.0690 0.6607 0.8398 
K:  911  Ind:     958.3955  Tempo:   331.59  FW: 0.2920 0.1389 0.6754 0.7425 0.0991 0.2850 0.9394 0.0539 0.5827 0.6625 0.2672 0.5414 0.8749 0.6402 0.8441 0.3225 0.2581 0.9271 0.8499 0.6658 0.2631 0.2746 0.8946 
K:  451  Ind:     493.4072  Tempo:   190.67  FW: 0.1499 0.4795 0.3308 0.4024 0.7710 0.4845 0.4294 0.9481 0.7544 0.9852 0.2436 0.4255 0.9119 0.5714 0.0326 0.7529 0.2839 0.3463 0.1496 0.3830 0.0675 0.2465 0.2782 
K:  616  Ind:     633.5177  Tempo:   304.71  FW: 0.3342 0.6834 0.6210 0.7229 0.7668 0.3008 0.5856 0.5761 0.1790 0.6223 0.1209 0.2190 0.6077 0.0522 0.2612 0.9122 0.0602 0.2260 0.9511 0.6333 0.0028 0.5293 0.4064 
K:  795  Ind:     822.0195  Tempo:   411.87  FW: 0.8010 0.2240 0.5523 0.1048 0.5755 0.6862 0.8342 0.1519 0.6427 0.5735 0.5707 0.3260 0.0348 0.5447 0.6204 0.5317 0.4544 0.5465 0.5051 0.9227 0.5053 0.9006 0.3381 
K:  252  Ind:     274.2282  Tempo:   192.07  FW: 0.8909 0.5762 0.1665 0.6556 0.9883 0.5598 0.5078 0.2299 0.3931 0.2763 0.3091 0.2217 0.7753 0.1428 0.7307 0.1653 0.0959 0.9198 0.0021 0.5613 0.1241 0.9300 0.7341 
K:  432  Ind:     466.2398  Tempo:   256.87  FW: 0.6280 0.1920 0.9052 0.5583 0.8959 0.8825 0.9011 0.0329 0.5825 0.7461 0.4278 0.3411 0.5444 0.9053 0.0212 0.8288 0.2684 0.5709 0.4891 0.2085 0.0641 0.8640 0.9090 
K:  197  Ind:     216.9890  Tempo:   126.85  FW: 0.9037 0.0911 0.1420 0.4231 0.6766 0.0216 0.1008 0.7252 0.8842 0.8497 0.3650 0.3736 0.9594 0.5878 0.4306 0.7750 0.2211 0.3992 0.3001 0.2906 0.1909 0.6330 0.8817 
K:  748  Ind:     770.7040  Tempo:   409.63  FW: 0.7224 0.6456 0.6628 0.6841 0.9223 0.8110 0.0868 0.5847 0.1934 0.6319 0.2379 0.5019 0.4766 0.2433 0.8617 0.5953 0.8610 0.6010 0.1664 0.6183 0.5583 0.0459 0.6319 
K:  766  Ind:     810.7891  Tempo:   337.14  FW: 0.2625 0.2548 0.2094 0.4053 0.6173 0.5449 0.2287 0.2732 0.9150 0.8264 0.8222 0.1568 0.8314 0.0369 0.9382 0.8171 0.0896 0.6557 0.4324 0.2191 0.9251 0.0774 0.8298 
K:  351  Ind:     376.7517  Tempo:   240.86  FW: 0.7150 0.2875 0.1057 0.0078 0.9456 0.1335 0.2714 0.6996 0.4333 0.5730 0.9730 0.5842 0.6792 0.2133 0.5970 0.3751 0.5400 0.1706 0.1261 0.0762 0.8498 0.4428 0.7731 
K:  800  Ind:     848.8923  Tempo:   373.69  FW: 0.6569 0.9727 0.2089 0.3596 0.1932 0.7626 0.5989 0.5522 0.8954 0.9620 0.5581 0.4241 0.2037 0.1458 0.8855 0.4730 0.4799 0.6366 0.0713 0.3498 0.2451 0.6546 0.2550 
K:  382  Ind:     425.7582  Tempo:   191.69  FW: 0.0855 0.0680 0.8449 0.0915 0.3833 0.7947 0.0503 0.3907 0.0093 0.7633 0.8296 0.4402 0.7061 0.8643 0.6556 0.3421 0.1556 0.8262 0.1610 0.4698 0.9038 0.2865 0.1949 
K:  690  Ind:     729.7355  Tempo:   342.13  FW: 0.8175 0.9398 0.1771 0.0740 0.8432 0.9337 0.2601 0.8383 0.9000 0.4019 0.0924 0.7770 0.3796 0.6320 0.1837 0.7061 0.8586 0.6752 0.1822 0.1320 0.2964 0.2590 0.5757 
K:  261  Ind:     291.4488  Tempo:   244.97  FW: 0.4168 0.9329 0.1757 0.4226 0.4898 0.8997 0.1386 0.9081 0.8351 0.5671 0.7545 0.0228 0.8333 0.5874 0.3959 0.7888 0.6088 0.5463 0.0495 0.9899 0.8032 0.1271 0.8845 
K:  439  Ind:     471.6942  Tempo:   260.71  FW: 0.5079 0.6951 0.4843 0.5309 0.8131 0.7360 0.4594 0.9329 0.4635 0.9325 0.3210 0.3990 0.1778 0.9998 0.3683 0.3299 0.1525 0.1653 0.6577 0.1043 0.4353 0.0341 0.8339 
K:   35  Ind:      40.4666  Tempo:    86.76  FW: 0.4242 0.6718 0.8627 0.2374 0.7458 0.3424 0.5909 0.3416 0.0930 0.2330 0.2278 0.9797 0.1202 0.8764 0.4759 0.3752 0.1529 0.6192 0.6539 0.8055 0.2843 0.0557 0.1552 
K:  929  Ind:     940.3344  Tempo:   433.24  FW: 0.7791 0.1887 0.0821 0.0924 0.9843 0.6685 0.5051 0.9111 0.5777 0.9563 0.3262 0.8563 0.7145 0.5520 0.1100 0.0536 0.4823 0.3391 0.8238 0.4265 0.4982 0.1669 0.3547 
K:  654  Ind:     683.7236  Tempo:   317.49  FW: 0.8181 0.1192 0.0542 0.3968 0.0098 0.6669 0.1403 0.0887 0.6109 0.8601 0.7889 0.6967 0.6463 0.3788 0.9897 0.8296 0.2178 0.6173 0.2293 0.6283 0.3260 0.8270 0.7629 
K:  400  Ind:     442.8791  Tempo:   281.46  FW: 0.5269 0.7720 0.3358 0.4526 0.0991 0.2057 0.1749 0.4761 0.9322 0.6181 0.2902 0.2607 0.8370 0.4785 0.3559 0.5076 0.8094 0.9609 0.7466 0.2564 0.6402 0.4189 0.3832 
K:  264  Ind:     291.9722  Tempo:   183.30  FW: 0.0967 0.3181 0.4460 0.2578 0.6938 0.4067 0.3604 0.2554 0.9095 0.6437 0.1360 0.7371 0.9596 0.6804 0.2698 0.7699 0.4132 0.2141 0.6340 0.9653 0.1660 0.5004 0.6493 
K:   85  Ind:      96.2239  Tempo:   134.58  FW: 0.3993 0.6279 0.5219 0.2992 0.1822 0.4504 0.2681 0.1477 0.6181 0.0361 0.6567 0.0875 0.8278 0.3504 0.1319 0.8715 0.0100 0.6953 0.1789 0.9494 0.0023 0.5550 0.9096 
K:  950  Ind:     990.1167  Tempo:   342.44  FW: 0.3188 0.2891 0.1209 0.2941 0.8006 0.0474 0.3899 0.1930 0.1820 0.8011 0.2708 0.3798 0.5241 0.9052 0.5942 0.1109 0.9591 0.9668 0.7740 0.7638 0.3212 0.6785 0.0262 
K:  244  Ind:     272.2994  Tempo:   320.72  FW: 0.4942 0.7655 0.9479 0.1302 0.4106 0.7803 0.9870 0.8586 0.7156 0.4293 0.0364 0.1818 0.9448 0.5119 0.7529 0.3934 0.9393 0.5823 0.5651 0.5679 0.7282 0.7118 0.5328 
K:  318  Ind:     353.4849  Tempo:   198.27  FW: 0.2967 0.6761 0.0170 0.1006 0.9106 0.3990 0.1093 0.1858 0.0712 0.6103 0.7849 0.4372 0.8999 0.1094 0.2690 0.3234 0.1024 0.2565 0.4303 0.2682 0.6013 0.1805 0.5991 
K:  602  Ind:     640.3426  Tempo:   307.61  FW: 0.5216 0.2648 0.3479 0.1704 0.7829 0.0721 0.3902 0.6393 0.6853 0.9723 0.0693 0.1835 0.8245 0.9044 0.4896 0.9869 0.5229 0.6429 0.6581 0.9055 0.4954 0.0268 0.3851 
K:  869  Ind:     937.0027  Tempo:   368.94  FW: 0.0605 0.7635 0.0567 0.3353 0.1079 0.8997 0.1425 0.1698 0.4573 0.1084 0.4674 0.0031 0.5450 0.4379 0.7538 0.9440 0.5751 0.5705 0.1079 0.5721 0.8348 0.8010 0.5223 
K:  814  Ind:     835.0617  Tempo:   361.69  FW: 0.6538 0.2691 0.2060 0.1253 0.3545 0.7881 0.9168 0.2553 0.1616 0.3891 0.9760 0.4023 0.5597 0.8291 0.3567 0.8138 0.2217 0.4589 0.5723 0.4986 0.6246 0.9587 0.4474 
K:  166  Ind:     190.6434  Tempo:   191.74  FW: 0.0714 0.8699 0.8541 0.9879 0.7261 0.6539 0.4036 0.9116 0.1338 0.9737 0.0702 0.0688 0.9688 0.3797 0.5650 0.6876 0.6229 0.4169 0.1486 0.3825 0.9159 0.3596 0.6503 
K:  695  Ind:     758.8887  Tempo:   305.17  FW: 0.1174 0.2407 0.5801 0.7819 0.0216 0.9300 0.7056 0.9622 0.3111 0.0058 0.8479 0.7338 0.8992 0.1794 0.2886 0.2072 0.1334 0.8879 0.4646 0.1053 0.8724 0.5502 0.2807 
K:  255  Ind:     288.4124  Tempo:   154.89  FW: 0.1068 0.9174 0.4170 0.6964 0.9397 0.3625 0.8487 0.0903 0.9173 0.7579 0.2822 0.7025 0.2690 0.5297 0.9933 0.2035 0.4929 0.7013 0.4368 0.5942 0.2502 0.2038 0.2475 
K:  576  Ind:     607.6614  Tempo:   396.80  FW: 0.9816 0.8085 0.5338 0.3258 0.9791 0.9509 0.7165 0.7637 0.3846 0.5138 0.4208 0.1397 0.7432 0.7672 0.9929 0.2622 0.7038 0.1519 0.0261 0.2936 0.6302 0.8561 0.7814 
K:  529  Ind:     579.6662  Tempo:   328.56  FW: 0.0424 0.5407 0.5590 0.6225 0.3089 0.2068 0.8334 0.8504 0.2833 0.3755 0.6179 0.8870 0.5674 0.0022 0.4794 0.3095 0.2413 0.6802 0.7095 0.5099 0.5745 0.5697 0.5237 
K:  824  Ind:     870.4839  Tempo:   342.82  FW: 0.2217 0.9577 0.9283 0.1518 0.6273 0.0943 0.7842 0.5950 0.5401 0.9403 0.1518 0.6867 0.0276 0.7753 0.8976 0.4299 0.8808 0.3991 0.5594 0.6420 0.2738 0.2682 0.8808 
K:   98  Ind:     111.2716  Tempo:   119.29  FW: 0.7112 0.6377 0.5814 0.4845 0.3839 0.8842 0.9452 0.2848 0.5428 0.4380 0.2955 0.0441 0.8596 0.3896 0.0678 0.5233 0.3262 0.2099 0.8675 0.9195 0.1495 0.3285 0.4809 
K:  841  Ind:     885.4954  Tempo:   500.66  FW: 0.7212 0.2428 0.6403 0.7727 0.6164 0.4756 0.7667 0.1726 0.6393 0.7425 0.5385 0.4312 0.6164 0.7266 0.7590 0.2343 0.3202 0.7259 0.0579 0.6385 0.9798 0.6927 0.1524 
K:  312  Ind:     342.8547  Tempo:   302.28  FW: 0.6820 0.5822 0.8422 0.1662 0.1257 0.6685 0.4014 0.2915 0.9790 0.7022 0.7962 0.7582 0.7390 0.6290 0.3972 0.4691 0.2629 0.8392 0.2273 0.7374 0.7653 0.2621 0.0113 
K:   47  Ind:      54.5149  Tempo:   127.10  FW: 0.6028 0.9436 0.7690 0.6419 0.6606 0.1217 0.6938 0.9798 0.9541 0.9621 0.7826 0.8799 0.0983 0.8260 0.4945 0.9764 0.6082 0.8611 0.2745 0.2277 0.0002 0.5800 0.2497 
K:  258  Ind:     293.5808  Tempo:   188.01  FW: 0.1366 0.7384 0.5650 0.3158 0.1069 0.1387 0.0046 0.6003 0.4612 0.7008 0.8901 0.2540 0.1932 0.8328 0.2600 0.3586 0.7477 0.0489 0.9095 0.7432 0.9839 0.3335 0.4274 
K:  956  Ind:     985.8672  Tempo:   565.53  FW: 0.4607 0.3968 0.9051 0.5250 0.5523 0.6575 0.5324 0.9463 0.4564 0.0354 0.3964 0.9380 0.7089 0.2529 0.7087 0.4869 0.6107 0.5167 0.6547 0.7961 0.9043 0.6723 0.3622 
K:  278  Ind:     304.8485  Tempo:   201.41  FW: 0.2622 0.5181 0.9823 0.2290 0.3474 0.3480 0.4303 0.0577 0.7350 0.6832 0.9142 0.1295 0.8160 0.0896 0.5609 0.7384 0.2083 0.8914 0.0816 0.9971 0.4194 0.1230 0.4055 
K:  150  Ind:     166.1590  Tempo:   176.85  FW: 0.6797 0.1917 0.2085 0.0594 0.0418 0.3077 0.5594 0.6203 0.3476 0.5722 0.6549 0.4668 0.1752 0.1932 0.2409 0.0649 0.5712 0.7635 0.5012 0.1125 0.6565 0.7922 0.5505 
K:   33  Ind:      38.8043  Tempo:   106.31  FW: 0.5949 0.8754 0.8908 0.5518 0.7232 0.1522 0.7343 0.1161 0.3775 0.9361 0.7750 0.1765 0.4468 0.3020 0.4658 0.3904 0.6849 0.6505 0.2128 0.7673 0.7512 0.1813 0.0350 
K:  794  Ind:     854.9519  Tempo:   403.77  FW: 0.0596 0.6135 0.0252 0.3134 0.2177 0.9335 0.3002 0.3119 0.6916 0.2369 0.1140 0.9171 0.9254 0.8136 0.8602 0.7939 0.3775 0.7915 0.5308 0.4533 0.9650 0.9369 0.9094 
K:  139  Ind:     157.5826  Tempo:   212.71  FW: 0.3354 0.6074 0.2703 0.6099 0.1821 0.6468 0.1432 0.9573 0.7621 0.4301 0.4926 0.9292 0.4333 0.2132 0.5134 0.3813 0.0522 0.5043 0.7683 0.9714 0.8352 0.6649 0.9000 
K:  163  Ind:     179.2320  Tempo:   210.54  FW: 0.4711 0.2564 0.6482 0.5578 0.4134 0.8726 0.4438 0.7104 0.0434 0.1590 0.5986 0.2531 0.5239 0.8343 0.9367 0.8162 0.1037 0.3820 0.8053 0.3313 0.9515 0.4366 0.8459 
K:  942  Ind:    1003.7567  Tempo:   477.49  FW: 0.3689 0.7691 0.7772 0.1202 0.3225 0.5154 0.0332 0.0392 0.2337 0.4484 0.2974 0.8728 0.8179 0.2489 0.0543 0.5741 0.5046 0.8422 0.7910 0.7567 0.4328 0.4506 0.4123 
K:  706  Ind:     734.6418  Tempo:   467.92  FW: 0.4087 0.4574 0.7298 0.3883 0.0451 0.3317 0.7756 0.5816 0.7021 0.2296 0.2070 0.8282 0.8866 0.7437 0.8935 0.8492 0.4809 0.2975 0.6788 0.8246 0.8685 0.6265 0.8254 
K:  133  Ind:     147.8175  Tempo:   159.85  FW: 0.1904 0.3912 0.0809 0.7486 0.8352 0.3981 0.9044 0.7492 0.6806 0.5999 0.1112 0.7117 0.9347 0.3781 0.3511 0.3386 0.1428 0.7446 0.2146 0.0283 0.5004 0.1296 0.2807 
K:  548  Ind:     593.6226  Tempo:   304.22  FW: 0.2619 0.3411 0.8739 0.4517 0.2178 0.5039 0.5170 0.2369 0.5368 0.3545 0.9259 0.2560 0.4431 0.4260 0.9374 0.5067 0.3991 0.3767 0.2981 0.4889 0.6746 0.3775 0.1078 
K:  338  Ind:     372.9055  Tempo:   259.70  FW: 0.5005 0.8329 0.4671 0.7067 0.4547 0.5932 0.1126 0.9727 0.8569 0.9875 0.6815 0.5343 0.9912 0.2429 0.2425 0.6629 0.3806 0.3146 0.4752 0.2254 0.4663 0.0341 0.0966 
K:  172  Ind:     190.8734  Tempo:   130.64  FW: 0.2581 0.5271 0.6609 0.2057 0.1806 0.2578 0.3864 0.3738 0.9020 0.3337 0.0736 0.3717 0.2561 0.6514 0.1409 0.4522 0.2817 0.2457 0.7203 0.0083 0.2026 0.9825 0.6239 
K:   13  Ind:      15.5736  Tempo:    91.49  FW: 0.7127 0.8419 0.3329 0.9138 0.8865 0.3725 0.4068 0.5246 0.4708 0.7985 0.0206 0.7286 0.8263 0.8627 0.2909 0.8424 0.6457 0.5437 0.5806 0.2830 0.4058 0.2161 0.9429 
K:   97  Ind:     110.0161  Tempo:   118.27  FW: 0.6692 0.8878 0.0899 0.8092 0.7498 0.3958 0.4424 0.4324 0.2630 0.6032 0.1973 0.8616 0.8985 0.7126 0.7811 0.2064 0.7968 0.6753 0.8289 0.1491 0.0545 0.0620 0.7159 
K:  405  Ind:     429.4705  Tempo:   268.43  FW: 0.8819 0.4299 0.6311 0.0366 0.3983 0.5619 0.8531 0.1938 0.5570 0.5799 0.9742 0.2332 0.4794 0.8844 0.7956 0.9105 0.2856 0.6588 0.3605 0.4390 0.8732 0.0247 0.6223 
K:  470  Ind:     496.2488  Tempo:   277.66  FW: 0.9787 0.4162 0.2955 0.0773 0.3464 0.8491 0.8669 0.2699 0.1240 0.3378 0.0540 0.1742 0.4620 0.4939 0.3043 0.2191 0.2138 0.1214 0.3385 0.7684 0.8176 0.7676 0.8726 
K:  959  Ind:    1017.3564  Tempo:   402.19  FW: 0.0987 0.1527 0.8530 0.4296 0.1379 0.7490 0.1080 0.7466 0.2262 0.8411 0.7229 0.4890 0.6663 0.4558 0.7424 0.7028 0.9351 0.6862 0.2138 0.0345 0.8864 0.6029 0.9375 
K:  656  Ind:     702.5166  Tempo:   393.45  FW: 0.1111 0.4401 0.6260 0.7719 0.6401 0.2684 0.4542 0.7269 0.5966 0.3978 0.9538 0.8397 0.2990 0.4956 0.0538 0.7919 0.5415 0.5179 0.6015 0.9269 0.6727 0.8391 0.7834 
K:  569  Ind:     628.0854  Tempo:   310.45  FW: 0.1679 0.6620 0.3013 0.2120 0.9713 0.8295 0.5789 0.1097 0.9562 0.4833 0.0478 0.5857 0.4081 0.0309 0.4369 0.5209 0.6176 0.1963 0.0773 0.5041 0.2376 0.2792 0.0924 
K:  242  Ind:     270.3010  Tempo:   326.94  FW: 0.5612 0.8217 0.7614 0.6797 0.8332 0.5466 0.3326 0.9102 0.8103 0.2303 0.5098 0.8884 0.5977 0.2441 0.7981 0.5034 0.7508 0.6406 0.0803 0.4997 0.5316 0.6258 0.2918 
K:  393  Ind:     416.5321  Tempo:   245.46  FW: 0.4389 0.2810 0.0835 0.0867 0.0875 0.1220 0.3600 0.6500 0.3343 0.2137 0.5202 0.3320 0.5678 0.5100 0.0224 0.5101 0.0667 0.2790 0.4399 0.7825 0.1335 0.3412 0.7114 
K:  891  Ind:     894.8448  Tempo:   405.40  FW: 0.7962 0.4735 0.4904 0.6733 0.6259 0.2691 0.9081 0.2789 0.2203 0.8214 0.8223 0.3581 0.2037 0.9926 0.9542 0.0148 0.8290 0.9886 0.6914 0.6911 0.1313 0.9331 0.6005 
K:  131  Ind:     143.6340  Tempo:   133.24  FW: 0.4899 0.3502 0.9391 0.1844 0.3545 0.9371 0.2393 0.1099 0.4409 0.3039 0.9377 0.0568 0.8463 0.9759 0.3747 0.2395 0.4879 0.8840 0.9061 0.0516 0.0785 0.1101 0.6848 
K:  390  Ind:     424.9527  Tempo:   207.33  FW: 0.0326 0.1971 0.5054 0.5409 0.6465 0.3757 0.5916 0.5910 0.8318 0.6302 0.9173 0.0674 0.2399 0.8128 0.3008 0.4684 0.9205 0.9138 0.1155 0.8423 0.3209 0.0710 0.5629 
K:  743  Ind:     750.2091  Tempo:   310.71  FW: 0.9797 0.1537 0.6664 0.2060 0.3736 0.4035 0.7314 0.7194 0.4292 0.0471 0.9468 0.7339 0.7485 0.4030 0.4968 0.9469 0.9559 0.6451 0.9571 0.0050 0.2920 0.4468 0.7979 
K:  699  Ind:     713.6246  Tempo:   440.77  FW: 0.9133 0.7218 0.1239 0.0372 0.8990 0.5607 0.0977 0.5060 0.4889 0.1051 0.0734 0.4195 0.6976 0.5136 0.0380 0.4128 0.4113 0.0397 0.1816 0.7322 0.4648 0.0787 0.1577 
K:  780  Ind:     788.9083  Tempo:   383.46  FW: 0.1711 0.2703 0.0464 0.9535 0.7306 0.3427 0.9091 0.0732 0.3253 0.3257 0.6525 0.0856 0.4200 0.3801 0.6127 0.3687 0.8587 0.1349 0.3981 0.5757 0.6887 0.2534 0.6580 
K:  934  Ind:     939.9970  Tempo:   512.12  FW: 0.0287 0.7703 0.0309 0.5557 0.9962 0.3723 0.3672 0.7522 0.2083 0.1962 0.5815 0.4211 0.5554 0.9521 0.0061 0.4073 0.7120 0.2529 0.1636 0.2933 0.8412 0.8284 0.5625 
K:  758  Ind:     777.3961  Tempo:   451.43  FW: 0.9049 0.2665 0.2467 0.3677 0.2238 0.2312 0.8363 0.6866 0.8984 0.3554 0.3453 0.0846 0.9729 0.5841 0.9816 0.7376 0.5312 0.4721 0.3354 0.7054 0.8635 0.5142 0.0933 
K:  112  Ind:     126.1596  Tempo:   210.58  FW: 0.9991 0.4243 0.2982 0.1536 0.1248 0.2462 0.9102 0.3565 0.5230 0.4662 0.2776 0.2295 0.8647 0.1189 0.5603 0.4076 0.4015 0.3619 0.8534 0.0519 0.7104 0.5324 0.2308 
K:  506  Ind:     538.5121  Tempo:   389.63  FW: 0.8852 0.1759 0.4452 0.2729 0.8854 0.4706 0.8639 0.8464 0.9636 0.8005 0.5850 0.9018 0.3993 0.9820 0.7383 0.5742 0.7357 0.0350 0.1654 0.1411 0.4867 0.2158 0.4352 
K:  370  Ind:     402.8924  Tempo:   354.79  FW: 0.1280 0.3309 0.0620 0.7027 0.9360 0.3249 0.6086 0.8090 0.3094 0.0506 0.4982 0.4874 0.3794 0.5270 0.2419 0.3632 0.7146 0.6022 0.8086 0.6113 0.6330 0.7827 0.1524 
K:  679  Ind:     736.7296  Tempo:   379.64  FW: 0.1848 0.0908 0.5860 0.7894 0.9246 0.6513 0.4265 0.5825 0.8140 0.9993 0.6912 0.3829 0.4897 0.7603 0.1205 0.7408 0.8058 0.0368 0.5708 0.5403 0.3758 0.2624 0.0269 
K:  256  Ind:     287.5831  Tempo:   292.28  FW: 0.0377 0.0358 0.5358 0.3960 0.5341 0.4333 0.5201 0.9711 0.8572 0.5994 0.1457 0.5586 0.1709 0.9508 0.0478 0.5340 0.2845 0.9084 0.1792 0.8382 0.7840 0.4025 0.5344 
K:  779  Ind:     776.7391  Tempo:   591.50  FW: 0.8865 0.6619 0.1339 0.7032 0.7196 0.5212 0.6801 0.4522 0.3690 0.8440 0.2461 0.7648 0.9758 0.1197 0.2774 0.7498 0.5568 0.1283 0.5733 0.1011 0.9707 0.6761 0.5116 
K:  745  Ind:     771.1414  Tempo:   357.54  FW: 0.2904 0.5144 0.2880 0.4400 0.0319 0.6311 0.9357 0.7051 0.0003 0.4519 0.8709 0.2442 0.4098 0.5317 0.9904 0.3539 0.3846 0.4243 0.9939 0.7713 0.0039 0.3432 0.9768 
K:  900  Ind:     958.9895  Tempo:   477.18  FW: 0.1781 0.0196 0.2973 0.5166 0.3433 0.8147 0.3180 0.4984 0.2934 0.8486 0.9208 0.4981 0.2788 0.0536 0.3546 0.6346 0.6065 0.3268 0.6409 0.1872 0.8070 0.7926 0.4955 
K:  531  Ind:     575.8203  Tempo:   414.16  FW: 0.2399 0.4587 0.3986 0.8929 0.0826 0.6463 0.5539 0.3178 0.5481 0.4457 0.8467 0.7715 0.3334 0.0179 0.2909 0.7321 0.0523 0.4827 0.1806 0.9122 0.4673 0.8968 0.7869 
K:  752  Ind:     754.4055  Tempo:   454.59  FW: 0.9880 0.4714 0.4991 0.7690 0.7837 0.8390 0.6174 0.8371 0.8414 0.3991 0.1909 0.8507 0.2873 0.3090 0.4564 0.2770 0.1238 0.0973 0.8083 0.4852 0.3360 0.9055 0.2537 
K:  297  Ind:     332.2145  Tempo:   341.44  FW: 0.2518 0.9899 0.7814 0.5774 0.9542 0.1465 0.9564 0.3963 0.4095 0.7900 0.5508 0.4334 0.0683 0.1874 0.0278 0.6608 0.0962 0.1119 0.4791 0.4972 0.8808 0.7940 0.6794 
K:  487  Ind:     508.3232  Tempo:   286.40  FW: 0.8797 0.5341 0.1279 0.3908 0.3488 0.0710 0.5431 0.5802 0.8323 0.9418 0.1736 0.8149 0.1423 0.6786 0.8506 0.0062 0.6712 0.2436 0.7980 0.3000 0.0991 0.4110 0.4505 
K:  225  Ind:     252.7193  Tempo:   268.48  FW: 0.3674 0.7847 0.6952 0.4876 0.6838 0.7157 0.8322 0.2213 0.2411 0.4758 0.1235 0.5573 0.3398 0.4965 0.0782 0.5014 0.1226 0.6352 0.0219 0.1866 0.3508 0.5205 0.8360 
K:  338  Ind:     364.6710  Tempo:   320.23  FW: 0.6665 0.4423 0.3321 0.8944 0.6183 0.1170 0.4024 0.7289 0.8280 0.9786 0.8378 0.4665 0.0694 0.9224 0.1133 0.3808 0.5845 0.5330 0.2446 0.5898 0.7627 0.1042 0.8397 
K:  547  Ind:     586.2340  Tempo:   341.60  FW: 0.5830 0.8620 0.7073 0.7947 0.7391 0.0954 0.1542 0.2318 0.9295 0.9585 0.2836 0.5884 0.0850 0.5643 0.5111 0.8610 0.2335 0.4003 0.3974 0.8978 0.0927 0.4117 0.5150 
K:  586  Ind:     622.8203  Tempo:   381.14  FW: 0.3955 0.3225 0.5386 0.7978 0.0182 0.9848 0.4352 0.6423 0.5940 0.2489 0.1318 0.6799 0.2783 0.4739 0.3714 0.8899 0.6153 0.8757 0.4654 0.0128 0.1496 0.1309 0.7535 
K:  776  Ind:     787.0350  Tempo:   430.56  FW: 0.9063 0.3185 0.1048 0.4190 0.0476 0.4918 0.6253 0.3043 0.3381 0.3684 0.4050 0.0089 0.0419 0.8012 0.1440 0.7009 0.9643 0.4494 0.0878 0.3815 0.9467 0.0666 0.1347 
K:  490  Ind:     523.7213  Tempo:   478.73  FW: 0.6981 0.7040 0.9954 0.6660 0.7136 0.4378 0.8564 0.4242 0.8241 0.1139 0.5158 0.8608 0.7784 0.0850 0.8735 0.5684 0.3946 0.3188 0.1741 0.4637 0.8477 0.7342 0.2348 
K:  451  Ind:     491.0484  Tempo:   372.95  FW: 0.3846 0.1673 0.7297 0.9211 0.8378 0.5399 0.2431 0.4795 0.9883 0.4596 0.0007 0.6074 0.0684 0.0910 0.7772 0.4590 0.9810 0.4043 0.5223 0.0665 0.7937 0.3309 0.8864 
K:  645  Ind:     705.0763  Tempo:   509.54  FW: 0.1788 0.1476 0.0885 0.9509 0.8367 0.8862 0.6455 0.8009 0.7966 0.8776 0.4114 0.6480 0.8778 0.8506 0.7228 0.8177 0.4606 0.5936 0.1387 0.8824 0.8983 0.9787 0.9011 
K:  491  Ind:     523.7556  Tempo:   442.31  FW: 0.5391 0.6834 0.1017 0.1636 0.9175 0.4385 0.8909 0.8023 0.6928 0.7833 0.1125 0.4679 0.8942 0.6003 0.9460 0.6877 0.9508 0.0263 0.9443 0.0972 0.6665 0.3000 0.2637 
K:  929  Ind:     981.3728  Tempo:   625.23  FW: 0.1078 0.7900 0.7413 0.6421 0.6604 0.4300 0.6996 0.0514 0.5433 0.7517 0.5047 0.2469 0.3486 0.0525 0.3568 0.7059 0.6653 0.0229 0.0530 0.6529 0.6825 0.4775 0.3253 
K:  648  Ind:     701.2435  Tempo:   424.11  FW: 0.2262 0.7689 0.5261 0.1635 0.3278 0.0117 0.2415 0.9350 0.8572 0.2197 0.1552 0.7250 0.2895 0.4611 0.6090 0.5874 0.7502 0.4255 0.2130 0.4808 0.4796 0.5364 0.9459 
K:   82  Ind:      95.5599  Tempo:   228.54  FW: 0.5841 0.8256 0.6079 0.7152 0.5906 0.3307 0.3164 0.1156 0.7485 0.1687 0.1373 0.8862 0.8750 0.6781 0.1535 0.7416 0.2610 0.1884 0.4429 0.7657 0.9132 0.3985 0.0145 
K:  795  Ind:     848.8136  Tempo:   492.84  FW: 0.1615 0.4950 0.0729 0.6357 0.1378 0.8186 0.7477 0.0167 0.6228 0.0945 0.6949 0.6677 0.6287 0.0775 0.8709 0.3884 0.9506 0.9265 0.8110 0.2191 0.3991 0.7702 0.5448 
K:  732  Ind:     730.9320  Tempo:   493.91  FW: 0.5895 0.8335 0.6035 0.9326 0.9727 0.3017 0.2748 0.4035 0.6020 0.0522 0.2827 0.5274 0.5348 0.8061 0.0542 0.2331 0.9591 0.0637 0.2594 0.6483 0.5340 0.5951 0.1290 
K:  945  Ind:     978.8717  Tempo:   726.25  FW: 0.6663 0.3947 0.4561 0.1750 0.9274 0.6748 0.3709 0.9924 0.7404 0.6033 0.6008 0.7462 0.5270 0.8176 0.6889 0.9323 0.5068 0.6232 0.7096 0.8144 0.8834 0.3898 0.8886 
K:  780  Ind:     831.1381  Tempo:   498.12  FW: 0.3439 0.7487 0.3376 0.6712 0.6246 0.5155 0.0012 0.9639 0.7475 0.4272 0.9179 0.0356 0.5691 0.2045 0.7510 0.3613 0.9950 0.2915 0.7441 0.3849 0.6016 0.4911 0.4286 
K:  818  Ind:     854.8402  Tempo:   498.25  FW: 0.3127 0.1897 0.0513 0.5056 0.7311 0.6135 0.5761 0.7124 0.3467 0.7266 0.4899 0.5852 0.5714 0.3161 0.5378 0.1250 0.3012 0.1190 0.2166 0.9453 0.7776 0.8433 0.8991 
K:  903  Ind:     855.1031  Tempo:   345.21  FW: 0.7011 0.7363 0.3074 0.8236 0.3900 0.0186 0.2280 0.1958 0.2341 0.7559 0.2334 0.4374 0.4012 0.7400 0.0075 0.7040 0.1979 0.1988 0.4479 0.5135 0.1649 0.0607 0.5312 
K:  649  Ind:     707.5080  Tempo:   500.78  FW: 0.1206 0.4386 0.6679 0.6537 0.6947 0.3242 0.5527 0.6789 0.7569 0.8722 0.5938 0.2311 0.2266 0.8775 0.2472 0.7681 0.4113 0.9998 0.8327 0.1127 0.9630 0.8184 0.6966 
K:  626  Ind:     642.4188  Tempo:   382.76  FW: 0.7302 0.4070 0.7802 0.7673 0.7111 0.5535 0.1888 0.5351 0.0959 0.1999 0.8005 0.0954 0.1202 0.7906 0.5751 0.1584 0.4009 0.2662 0.7727 0.6385 0.3205 0.6518 0.1909 
K:   51  Ind:      57.7325  Tempo:   195.78  FW: 0.3015 0.3592 0.0934 0.0985 0.1375 0.7209 0.7724 0.7811 0.7696 0.4443 0.7960 0.4691 0.3390 0.3892 0.5164 0.6498 0.3397 0.5351 0.7415 0.6455 0.5356 0.7910 0.0859 
K:  511  Ind:     546.8528  Tempo:   355.51  FW: 0.4253 0.4952 0.7343 0.8523 0.2815 0.3945 0.7624 0.5427 0.5464 0.6505 0.9892 0.5934 0.6992 0.6149 0.4974 0.2978 0.4044 0.5854 0.1104 0.4542 0.1474 0.7566 0.9257 
K:  170  Ind:     189.8153  Tempo:   250.25  FW: 0.4820 0.6713 0.0484 0.9237 0.4923 0.1639 0.0487 0.9624 0.0514 0.7009 0.1056 0.6229 0.3662 0.2602 0.1868 0.5393 0.4217 0.2222 0.9257 0.9431 0.6345 0.4979 0.1498 
K:   44  Ind:      49.7443  Tempo:   113.95  FW: 0.4283 0.3276 0.0103 0.0205 0.4139 0.0842 0.5486 0.8549 0.5286 0.8054 0.3065 0.0141 0.5074 0.3839 0.8099 0.5632 0.8631 0.8063 0.7598 0.9601 0.1791 0.2892 0.6771 
K:  369  Ind:     402.1230  Tempo:   276.45  FW: 0.9827 0.1999 0.0616 0.0642 0.2304 0.9969 0.3604 0.9624 0.3258 0.5068 0.8337 0.9580 0.3536 0.5158 0.6256 0.2982 0.4929 0.3541 0.4379 0.1336 0.4785 0.5678 0.7814 
K:  418  Ind:     442.4187  Tempo:   256.56  FW: 0.9831 0.6878 0.1967 0.2122 0.8944 0.8844 0.2181 0.1866 0.3232 0.8801 0.6508 0.8776 0.7222 0.6640 0.6043 0.9954 0.2439 0.4939 0.8679 0.4605 0.1037 0.1926 0.6990 
K:   16  Ind:      19.0988  Tempo:   131.07  FW: 0.1909 0.9493 0.7463 0.2554 0.7565 0.0605 0.4039 0.9942 0.2348 0.5511 0.2952 0.4822 0.8281 0.9773 0.8518 0.0843 0.1382 0.9665 0.1314 0.6652 0.5452 0.7864 0.7836 
K:  184  Ind:     202.4835  Tempo:   258.80  FW: 0.8244 0.1548 0.3965 0.2287 0.2815 0.5708 0.1758 0.9955 0.2193 0.7409 0.1310 0.6088 0.8989 0.7267 0.1739 0.9525 0.9766 0.2199 0.4904 0.6511 0.5657 0.6796 0.8271 
K:  509  Ind:     561.7973  Tempo:   471.16  FW: 0.0225 0.6787 0.7990 0.7891 0.8562 0.8266 0.7615 0.4320 0.3565 0.5387 0.5199 0.3526 0.6682 0.5100 0.8019 0.5971 0.8838 0.9739 0.7198 0.4425 0.6888 0.7657 0.5325 
K:  876  Ind:     878.5860  Tempo:   552.58  FW: 0.6999 0.5828 0.1104 0.9970 0.4896 0.5038 0.1982 0.1696 0.7314 0.5811 0.5111 0.8574 0.7142 0.9905 0.8086 0.3178 0.5806 0.6421 0.5402 0.4530 0.0164 0.9744 0.3482 
K:  821  Ind:     864.3448  Tempo:   511.60  FW: 0.3763 0.7904 0.2940 0.1807 0.3606 0.1343 0.3219 0.5178 0.9805 0.4509 0.4021 0.8964 0.0043 0.7467 0.4817 0.4409 0.0558 0.3300 0.8340 0.8418 0.4688 0.6416 0.4996 
K:  307  Ind:     337.4558  Tempo:   363.14  FW: 0.5944 0.1363 0.8905 0.8145 0.7150 0.4362 0.5017 0.5406 0.8928 0.6266 0.2144 0.0954 0.4565 0.9084 0.0060 0.3183 0.0015 0.9141 0.5571 0.4563 0.5453 0.7290 0.4197 
K:  687  Ind:     744.2533  Tempo:   487.85  FW: 0.2653 0.5880 0.5567 0.7519 0.6627 0.9742 0.7283 0.7566 0.2077 0.0591 0.9047 0.0102 0.4430 0.3148 0.3320 0.2537 0.5703 0.9881 0.9449 0.2625 0.6785 0.3678 0.7522 
K:  447  Ind:     485.3380  Tempo:   268.90  FW: 0.2607 0.1117 0.4852 0.3174 0.2409 0.0646 0.2874 0.9012 0.9575 0.8291 0.6062 0.8799 0.7405 0.0916 0.2752 0.9015 0.5311 0.5286 0.0323 0.9189 0.1101 0.7807 0.7920 
K:  354  Ind:     387.2003  Tempo:   351.41  FW: 0.6448 0.2160 0.3381 0.4151 0.6195 0.8319 0.1877 0.4979 0.7552 0.4599 0.0919 0.6448 0.3359 0.6203 0.9129 0.0610 0.8873 0.1714 0.4923 0.8289 0.8406 0.3138 0.2896 
K:  190  Ind:     215.8269  Tempo:   326.65  FW: 0.6171 0.8843 0.6925 0.2576 0.3569 0.8593 0.8187 0.5586 0.5409 0.3334 0.0423 0.4290 0.1234 0.3550 0.5009 0.3472 0.5003 0.6135 0.6045 0.0604 0.5115 0.4626 0.1255 
K:  939  Ind:     964.2831  Tempo:   516.37  FW: 0.6959 0.6967 0.7227 0.3551 0.5038 0.5934 0.1478 0.6618 0.4144 0.0682 0.0833 0.6505 0.0681 0.5173 0.5960 0.2361 0.0731 0.9248 0.1678 0.6188 0.9504 0.0370 0.8224 
K:  236  Ind:     255.7196  Tempo:   271.19  FW: 0.8555 0.3774 0.8258 0.3989 0.3304 0.4001 0.3365 0.1838 0.9917 0.1080 0.6938 0.9806 0.0652 0.6853 0.1136 0.8783 0.7287 0.8210 0.9226 0.3751 0.5852 0.0488 0.9021 
K:  436  Ind:     473.2564  Tempo:   377.27  FW: 0.8178 0.0900 0.5495 0.8161 0.4513 0.8877 0.4390 0.5310 0.5526 0.0172 0.5752 0.1405 0.0766 0.9460 0.3379 0.3743 0.2992 0.8687 0.6556 0.3401 0.5110 0.9691 0.5723 
K:  351  Ind:     386.3686  Tempo:   214.03  FW: 0.4709 0.9296 0.1321 0.6312 0.8068 0.8979 0.0921 0.3691 0.0252 0.9263 0.3465 0.2418 0.1413 0.9976 0.9599 0.3377 0.1531 0.0708 0.3772 0.3428 0.0828 0.2581 0.2287 
K:  302  Ind:     335.5842  Tempo:   323.98  FW: 0.5309 0.8654 0.7491 0.1422 0.0423 0.4539 0.0098 0.8803 0.2426 0.8169 0.8169 0.8357 0.7151 0.7477 0.4511 0.1669 0.3479 0.2145 0.3609 0.3427 0.6424 0.3810 0.8606 
K:   61  Ind:      72.1466  Tempo:   194.00  FW: 0.1564 0.7551 0.1092 0.5464 0.5493 0.7223 0.1793 0.5588 0.5386 0.4077 0.3115 0.3939 0.8997 0.0499 0.1625 0.5796 0.3833 0.3807 0.7858 0.1152 0.9830 0.4984 0.1355 
K:  209  Ind:     229.0418  Tempo:   168.65  FW: 0.3196 0.0005 0.6538 0.3872 0.9635 0.2021 0.2568 0.3268 0.8923 0.0560 0.8045 0.8354 0.5310 0.0646 0.0346 0.8419 0.8583 0.0849 0.9716 0.6494 0.0114 0.7048 0.6803 
K:  227  Ind:     251.7834  Tempo:   304.84  FW: 0.9686 0.8013 0.9706 0.3704 0.6751 0.7202 0.3927 0.4075 0.9275 0.7025 0.0161 0.8065 0.3893 0.9861 0.3864 0.7175 0.6155 0.5473 0.4694 0.0984 0.3684 0.9302 0.8856 
K:  533  Ind:     567.8660  Tempo:   376.60  FW: 0.5985 0.5606 0.6837 0.8667 0.3662 0.2586 0.3473 0.2568 0.8224 0.1799 0.8014 0.7519 0.4675 0.6224 0.5505 0.0838 0.5822 0.6073 0.0128 0.7660 0.2195 0.4921 0.3349 
K:  196  Ind:     213.9881  Tempo:   191.95  FW: 0.7184 0.4795 0.7350 0.7258 0.5864 0.6954 0.9064 0.9689 0.2871 0.5433 0.6379 0.3215 0.9360 0.3191 0.2490 0.7294 0.7682 0.7542 0.0396 0.0551 0.0909 0.7989 0.2567 
K:  587  Ind:     645.1227  Tempo:   254.50  FW: 0.0688 0.9889 0.3288 0.6050 0.4494 0.5319 0.6944 0.1951 0.7449 0.8646 0.5247 0.0315 0.6524 0.6966 0.2138 0.7493 0.7248 0.3958 0.9332 0.6016 0.2162 0.1479 0.9554 
K:    1  Ind:       1.2176  Tempo:    15.69  FW: 0.8266 0.0000 0.1234 0.2619 0.0000 0.0000 0.6292 0.0000 0.0000 0.1968 0.0000 1.0000 0.7694 0.0000 0.3316 1.0000 0.2482 0.5569 0.6431 0.7391 0.0000 0.0000 0.0000 
K:    5  Ind:       5.8505  Tempo:    44.50  FW: 0.4431 0.4388 0.2911 0.2887 0.7177 0.3032 0.3056 0.2091 0.2525 0.1817 0.3655 0.8337 0.1731 0.6983 0.1420 0.2274 0.1478 0.5767 0.6607 0.3762 0.1994 0.4174 0.5183 
K:    1  Ind:       1.2246  Tempo:    21.64  FW: 1.0000 0.0000 0.8622 0.3188 0.0000 0.0000 0.3426 1.0000 1.0000 0.0000 1.0000 0.7254 0.0000 0.7147 0.0000 0.0000 1.0000 1.0000 1.0000 0.6715 0.0000 0.7172 1.0000 
K:   55  Ind:      53.7061  Tempo:   174.95  FW: 0.1829 0.4501 0.1776 0.2510 0.5118 0.4465 0.5326 0.7890 0.8841 0.2606 0.3400 0.0057 0.4723 0.6668 0.7598 0.9288 0.6602 0.0813 0.6270 0.5908 0.8522 0.3888 0.2600 
K:  241  Ind:     191.7380  Tempo:   221.37  FW: 0.4177 0.4424 0.8972 0.4633 0.4857 0.7138 0.5523 0.9952 0.0946 0.2818 0.5017 0.5876 0.4578 0.9132 0.5982 0.8325 0.2152 0.1653 0.2715 0.5487 0.3203 0.1522 0.6252 
K:  341  Ind:     247.3913  Tempo:   238.51  FW: 0.6791 0.7702 0.2819 0.2662 0.9394 0.5437 0.0196 0.4963 0.0911 0.6759 0.6896 0.2145 0.4911 0.5465 0.6804 0.4965 0.6194 0.1163 0.0827 0.4891 0.1514 0.2100 0.3281 
K:   77  Ind:      75.6827  Tempo:   242.10  FW: 0.5767 0.6073 0.5134 0.2176 0.5836 0.0259 0.8397 0.8588 0.4075 0.6198 0.8271 0.1623 0.0297 0.1599 0.2419 0.7213 0.0833 0.9245 0.8598 0.7977 0.8240 0.5499 0.3583 
K:  185  Ind:     118.9699  Tempo:   241.66  FW: 0.9427 0.2428 0.0133 0.6816 0.8116 0.4564 0.6451 0.7588 0.1881 0.2754 0.7984 0.4470 0.0581 0.6270 0.0390 0.2681 0.6506 0.5485 0.3826 0.3417 0.6525 0.9024 0.1571 
K:  817  Ind:    -165.9763  Tempo:   495.89  FW: 0.8034 0.3658 0.3596 0.5975 0.9345 0.1489 0.1892 0.5710 0.1565 0.6532 0.1239 0.0014 0.1326 0.1417 0.0553 0.5768 0.9258 0.4639 0.9757 0.1202 0.8952 0.8657 0.9758 
K:  124  Ind:     100.5440  Tempo:   142.21  FW: 0.5479 0.7549 0.4417 0.1059 0.9976 0.3260 0.7060 0.2638 0.1669 0.0662 0.6359 0.2798 0.8648 0.5175 0.1183 0.3989 0.0936 0.5137 0.3879 0.0889 0.2489 0.8782 0.8013 
K:  960  Ind:      81.1205  Tempo:   468.13  FW: 0.6241 0.4609 0.6352 0.1875 0.0669 0.2859 0.1525 0.0614 0.0496 0.8272 0.2605 0.7000 0.0240 0.9227 0.5669 0.2983 0.4647 0.4765 0.8732 0.1454 0.3639 0.8867 0.5068 
K:  568  Ind:     348.2416  Tempo:   353.32  FW: 0.8055 0.1194 0.7856 0.3164 0.5518 0.5768 0.4519 0.8300 0.1108 0.1485 0.0321 0.5430 0.3829 0.4885 0.7006 0.5121 0.5835 0.8805 0.7293 0.0891 0.8034 0.3264 0.9250 
K:    1  Ind:       0.9991  Tempo:    20.39  FW: 0.8266 0.0000 0.1234 0.2619 0.0000 0.0000 0.6292 0.0000 0.0000 0.1968 0.0000 1.0000 0.7694 0.0000 0.3316 1.0000 0.2482 0.5569 0.6431 0.7391 0.0000 0.0000 0.0000 
K:  241  Ind:     153.5730  Tempo:   247.50  FW: 0.4228 0.0445 0.0538 0.7437 0.4317 0.5747 0.6800 0.3091 0.6098 0.6520 0.2033 0.0835 0.2653 0.1788 0.8677 0.2349 0.9933 0.1767 0.8837 0.3593 0.4081 0.6550 0.3908 
K:  775  Ind:     308.8568  Tempo:   456.53  FW: 0.8314 0.4484 0.1781 0.8324 0.7669 0.5989 0.0013 0.6715 0.8311 0.9954 0.9704 0.8154 0.2537 0.7388 0.3118 0.8113 0.5862 0.8613 0.9412 0.4104 0.3118 0.8963 0.0373 
K:    5  Ind:       0.9995  Tempo:    56.40  FW: 0.4431 0.4388 0.2911 0.2887 0.7177 0.3032 0.3056 0.2091 0.2525 0.1817 0.3655 0.8337 0.1731 0.6983 0.1420 0.2274 0.1478 0.5767 0.6607 0.3762 0.1994 0.4174 0.5183 
K:    6  Ind:       6.4957  Tempo:    75.77  FW: 0.3909 0.4046 0.1002 0.5306 0.8296 0.5583 0.2207 0.1338 0.7424 0.9013 0.9643 0.9390 0.6088 0.8006 0.4427 0.5666 0.5828 0.3832 0.6607 0.1182 0.0741 0.9834 0.4297 
K:   77  Ind:      71.7889  Tempo:   198.17  FW: 0.2691 0.2621 0.2425 0.7406 0.5013 0.6096 0.0073 0.4139 0.3862 0.2284 0.5916 0.9497 0.6030 0.9258 0.7118 0.7087 0.2038 0.5629 0.1695 0.3941 0.6109 0.8074 0.9454 
K:  499  Ind:     366.8597  Tempo:   369.51  FW: 0.4889 0.4243 0.0427 0.9338 0.9891 0.8004 0.0563 0.5694 0.0492 0.2037 0.7472 0.7532 0.0921 0.3741 0.5480 0.1992 0.2343 0.8109 0.2182 0.7922 0.3668 0.2902 0.7167 
K:  381  Ind:     234.7471  Tempo:   355.86  FW: 0.8594 0.2362 0.8589 0.3175 0.5835 0.7284 0.6559 0.5294 0.6074 0.7817 0.5279 0.6073 0.2133 0.4182 0.8842 0.1411 0.4900 0.6917 0.6396 0.9596 0.2441 0.8058 0.9294 
K:  120  Ind:     113.2283  Tempo:   201.69  FW: 0.2316 0.4624 0.1891 0.1098 0.8021 0.9227 0.0560 0.4480 0.4366 0.9912 0.9085 0.0304 0.4210 0.0137 0.4429 0.9018 0.2364 0.1589 0.9031 0.2125 0.5341 0.3460 0.0846 
K:  647  Ind:       0.9906  Tempo:   423.82  FW: 0.6847 0.4057 0.0186 0.9196 0.3476 0.0982 0.3287 0.2411 0.6014 0.4965 0.8095 0.1846 0.8244 0.0478 0.2335 0.5860 0.7742 0.4853 0.1373 0.5119 0.0960 0.7252 0.8977 
K:  402  Ind:     226.9003  Tempo:   335.69  FW: 0.7379 0.5861 0.0715 0.7593 0.0546 0.8344 0.7624 0.5870 0.4064 0.3109 0.2994 0.4736 0.8705 0.7946 0.0018 0.0763 0.7811 0.5706 0.9280 0.6219 0.0076 0.5765 0.8837 
K:  962  Ind:     325.7907  Tempo:   480.45  FW: 0.1734 0.0636 0.8182 0.2941 0.1771 0.9137 0.0034 0.3181 0.7551 0.6589 0.0198 0.8988 0.9852 0.5313 0.4825 0.7830 0.8478 0.3702 0.1890 0.8398 0.5305 0.9840 0.0326 
K:  163  Ind:     115.2336  Tempo:   276.07  FW: 0.5211 0.0012 0.1465 0.6555 0.0871 0.0707 0.5996 0.2354 0.4367 0.6147 0.9037 0.4617 0.5824 0.7207 0.8622 0.6725 0.7898 0.4722 0.5173 0.3764 0.9240 0.9514 0.4325 
K:    1  Ind:  104894.0000  Tempo:    17.36  FW: 1.0000 0.0000 0.8622 0.3188 0.0000 0.0000 0.3426 1.0000 1.0000 0.0000 1.0000 0.7254 0.0000 0.7147 0.0000 0.0000 1.0000 1.0000 1.0000 0.6715 0.0000 0.7172 1.0000 
K:    1  Ind:       1.3277  Tempo:    11.83  FW: 0.8266 0.0000 0.1234 0.2619 0.0000 0.0000 0.6292 0.0000 0.0000 0.1968 0.0000 1.0000 0.7694 0.0000 0.3316 1.0000 0.2482 0.5569 0.6431 0.7391 0.0000 0.0000 0.0000 
K:   97  Ind:       1.1413  Tempo:   186.20  FW: 0.0013 0.8419 0.6306 0.9491 0.2511 0.2156 0.3895 0.9476 0.6328 0.4283 0.1416 0.8229 0.6559 0.4607 0.5824 0.7174 0.7424 0.0892 0.4130 0.5380 0.7657 0.4253 0.7589 
K:  217  Ind:       1.1066  Tempo:   212.58  FW: 0.0581 0.6592 0.1728 0.3171 0.1040 0.4529 0.7541 0.9553 0.5487 0.6174 0.2864 0.2989 0.6525 0.6655 0.7870 0.2917 0.8814 0.3109 0.6817 0.0753 0.8773 0.0843 0.6888 
K:  396  Ind:       1.0570  Tempo:   287.49  FW: 0.2727 0.3966 0.3593 0.9509 0.8128 0.6147 0.0013 0.2881 0.7070 0.9529 0.0801 0.1390 0.1147 0.2834 0.6822 0.7632 0.7465 0.3099 0.5711 0.4965 0.9414 0.1927 0.9674 
K:  113  Ind:       1.0903  Tempo:   172.68  FW: 0.9437 0.6274 0.9054 0.4983 0.9884 0.2703 0.1629 0.7639 0.3339 0.3938 0.0105 0.2731 0.8609 0.6997 0.5883 0.5478 0.9516 0.1600 0.5402 0.8430 0.9606 0.0268 0.3784 
K:  831  Ind:       1.0099  Tempo:   532.39  FW: 0.6359 0.8479 0.2600 0.6465 0.6651 0.8240 0.9654 0.0712 0.4970 0.0198 0.7180 0.0849 0.7817 0.6140 0.9557 0.9209 0.8768 0.5183 0.5990 0.6432 0.9184 0.2856 0.5115 
K:  925  Ind:       1.0351  Tempo:   410.49  FW: 0.1567 0.5973 0.2891 0.1666 0.8046 0.8994 0.5663 0.1192 0.8210 0.5225 0.2535 0.5806 0.0043 0.3782 0.0539 0.2923 0.6962 0.0029 0.0176 0.9593 0.4963 0.5304 0.1078 
K:  548  Ind:       1.0459  Tempo:   339.08  FW: 0.3394 0.3804 0.6340 0.1412 0.7936 0.6483 0.2265 0.0060 0.5096 0.2291 0.7624 0.7255 0.2599 0.8888 0.9827 0.0146 0.6371 0.7470 0.8001 0.1300 0.3673 0.2380 0.0102 
