209 402 831 1174 1196 1352 1526 2550 2940 3157 3781 
258 744 978 1630 1701 1860 1896 1990 2004 2514 2531 3034 3084 3291 3313 3953 4225 4242 4388 4590 4699 4859 
226 234 400 718 754 870 951 1101 1654 2214 3099 3263 3329 4136 4443 4569 4805 
463 1160 1567 1680 1960 1966 2465 2548 2570 2664 3180 3421 3506 3512 4160 4313 4351 
250 345 778 963 1240 1336 1553 1801 2231 2714 2716 2956 2997 3453 3575 3707 4716 4836 4961 
272 359 628 859 919 1474 1583 2026 2416 2520 2543 2656 2682 2726 3123 3540 3574 3589 4095 4236 4751 
3 114 235 1193 1289 1441 1921 1956 1988 2013 2252 2507 2628 2856 3375 3425 3617 3664 3675 3792 3975 4140 4157 4380 4680 4880 
9 23 696 1023 1064 1074 1440 1598 1995 2265 2553 2577 2809 2956 3183 3251 3707 4359 4719 4918 
17 440 476 637 788 1248 1672 2776 3062 3073 3318 3335 3370 3657 4067 4492 
354 633 641 920 954 1365 1920 2571 2584 2702 3139 3444 3618 
86 133 196 311 337 526 624 656 758 801 1177 1274 1338 1488 1739 1762 1997 2056 2121 2141 2169 2291 2305 2391 2544 2562 3115 3216 3228 3269 3315 3339 3628 3887 4000 4034 4257 4288 4292 4348 4517 4522 4665 4720 4745 4836 4874 4907 
49 70 330 472 684 687 784 922 1041 1211 1409 1539 1648 2151 2212 2255 2317 2534 2838 2868 2869 2937 2988 3044 3208 3368 3380 3579 3847 4077 4086 4246 4319 4528 4732 4870 4995 
581 870 1260 1304 2083 2104 2415 2464 2666 2782 2948 3411 3763 3793 4046 4443 4511 
306 533 632 868 946 1403 1616 1951 2486 2818 2858 3151 3824 4904 
422 555 1382 1533 1991 2541 2812 3735 4154 4380 4421 4565 4794 
7 409 493 598 691 703 980 1009 1108 1253 1332 1408 1643 1709 1898 1935 2147 2198 2626 2886 3053 3199 3203 3530 3642 3934 4039 4173 4255 4439 4450 4804 4867 4936 4946 
213 265 413 567 746 817 1166 1208 1417 1421 1558 1594 1755 1850 2192 2320 2344 2363 2456 2583 2649 2778 2810 2841 3072 3114 3346 3762 3856 4148 4531 4575 4603 4667 4671 4726 4812 4872 4975 
16 70 122 144 187 202 353 421 526 587 791 825 888 899 1311 1363 1572 1714 2025 2132 2224 2318 2435 2461 2574 2682 2780 2807 2921 2958 3027 3089 3118 3119 3453 3843 3956 4022 4057 4231 4302 4480 4541 4568 4658 4765 4781 4914 
131 506 747 1052 1083 1459 1468 1743 2265 2417 2608 2698 3101 3499 3657 4033 
380 1035 1155 1292 1423 1452 1478 1657 1871 2137 2163 2357 2446 2646 2720 2801 3196 3257 3344 3455 3561 3562 3990 4100 4271 4319 4395 4824 
49 264 472 644 677 680 892 957 1066 1209 1247 1612 1693 2010 2104 2132 2257 2382 2466 2506 2565 2644 2786 2831 3219 3288 3305 3313 3674 3841 4129 4198 4202 4487 4630 4705 4861 
530 1132 1473 1786 1889 2207 2453 2523 2549 2967 3111 3284 
95 686 1223 1281 1373 1505 1818 1867 1909 1965 2640 3003 3640 3880 3962 4129 4240 4308 4559 
11 332 379 454 629 791 1062 1227 1314 1388 1391 2020 2081 2160 2279 2534 2710 2770 2955 3028 3124 3428 3504 3509 3687 3922 4017 4139 4223 4577 
81 118 755 1039 1546 1553 1626 1787 2057 4181 4544 
9 114 205 350 1095 1509 1681 1710 2018 2074 2147 2225 2383 2459 2576 2677 2696 2985 2991 3919 4049 4203 4360 4557 4794 4978 
863 1037 1072 1286 1469 1472 1824 3719 3771 4145 4645 4670 4817 4827 
494 695 746 906 1291 1312 1397 1971 2023 2120 2263 2576 2659 2694 2825 2949 3325 3557 3602 3623 3832 3883 3982 4118 4235 4252 4311 4324 4664 4679 4731 4799 
83 99 116 419 423 613 646 666 683 734 750 884 1034 1517 1615 1632 1801 1850 1917 2318 2368 2522 2697 2749 2763 3146 3338 3345 3417 3526 3667 3731 3812 3957 4115 4171 4172 4296 4449 4461 4579 4588 4724 4807 4858 4911 
78 90 187 232 244 450 489 700 705 822 958 1031 1085 1141 1219 1525 1727 1825 1870 1902 1924 1967 2148 2426 2494 2552 2758 2917 3060 3199 3449 3507 3611 3614 3873 4048 4067 4120 4138 4267 4415 4761 4787 4806 4842 4904 4925 4943 
40 281 395 445 639 957 990 1126 1529 1773 2246 2295 2343 2444 2448 2484 2519 2690 2745 2764 3031 3114 3279 3307 3419 3549 3556 3611 3837 3886 3986 3996 4060 4160 4209 4243 4246 4276 4526 4553 4640 4663 4756 4901 
56 279 317 707 945 1019 1089 1407 2131 2199 2426 3173 3433 3749 4436 4570 4627 4751 
192 571 710 818 1237 1647 1759 2599 2801 3070 3607 3820 
163 502 719 821 955 1003 1049 1062 1370 1380 1712 1742 1849 2106 2311 2336 2445 2556 2597 2978 3359 3581 3767 3850 3897 4065 4098 4444 4459 4484 4540 4675 4715 4770 4946 4959 4969 
258 263 321 425 976 1590 1604 2061 2657 2715 3102 3682 4040 4520 4950 
704 1028 1360 1455 1993 2642 2676 2812 4430 4438 
83 97 566 579 636 1152 1428 3153 4678 4693 4776 
246 270 719 749 994 1151 1531 1886 2272 2669 2692 2718 2896 3144 3608 3625 3776 4605 
82 254 262 359 519 564 874 1063 1111 1138 1174 1401 1457 1474 1668 1688 1736 1788 1800 1842 1918 1987 2035 2429 3064 3100 3131 3631 3709 3710 4029 4180 4286 4339 4349 4377 4437 4555 4630 4759 4866 
235 461 530 613 872 942 1169 1647 2019 2133 2312 2407 2748 2902 3273 3384 3690 3728 4331 4799 4800 4818 4962 
293 327 347 625 763 774 890 904 1004 1470 1682 1714 1816 1845 1933 2126 2273 2329 2351 2354 2618 2648 2717 3129 3309 3437 3489 3515 3585 3612 3618 3665 3693 3698 3724 3765 3785 3799 3834 4015 4097 4237 4266 4462 4795 4886 4941 
244 405 552 614 877 1222 1307 1506 1542 3317 
204 987 1207 1507 1642 1725 1740 1767 2306 2321 2388 2621 2654 2807 2892 2952 3092 3624 3641 3648 3722 3776 3888 3959 4100 4514 4658 4662 
291 662 821 929 1010 1077 1180 1574 2012 2499 2889 3041 3054 3225 3404 3629 3695 4238 4393 
121 134 158 611 1087 1404 1603 2385 3782 4215 4575 4831 4893 4912 4978 
3 14 185 212 576 631 826 868 901 1125 1216 1252 1377 1413 1515 1528 1576 1673 2101 2259 2432 2589 2704 2772 3361 3975 4048 4137 4192 4287 4392 4423 4819 4830 4844 
327 503 510 1020 1115 1282 1367 1555 1560 1962 2353 2564 2623 2634 2647 2696 3130 3275 3364 3730 3965 4300 4489 4933 
574 735 848 1114 1350 1697 1761 1855 1963 2135 2345 3149 3939 4490 4722 
885 1040 1545 1586 1828 2181 2515 2522 2987 3157 3181 3195 3357 3409 3464 3661 3930 4111 4148 4196 4384 4691 4780 4830 
86 147 177 781 912 956 1043 1102 1108 1314 1768 1996 2134 2722 3000 3265 3298 3938 3958 4073 4103 4150 4210 4423 4438 4533 
173 181 428 437 661 1058 1135 1690 3793 4691 
228 342 783 824 1053 1229 1349 2035 2184 2487 2752 3191 3630 3658 3978 4349 4480 4586 4797 4843 4860 4895 
410 718 1387 1771 2150 2248 2593 2794 3001 3127 3212 3365 3567 3889 3959 3962 3985 4009 4050 4248 4547 4708 
37 309 830 1274 1778 1840 1907 2026 2367 2406 2766 3477 3589 3773 4322 4424 4704 4798 4811 4832 4848 
1 123 143 352 387 617 784 802 852 857 1038 1142 1263 1393 1605 1658 1762 1782 1865 2055 2079 2103 2332 2575 3781 3787 3810 3817 3997 4028 4133 4147 4535 4776 4782 4792 4864 4906 4927 4979 
179 368 1059 1228 1235 1243 1742 1897 2490 2643 2693 2759 2981 3173 3518 3884 3907 4253 4405 4518 4697 4769 
61 97 1157 1327 1333 1394 1855 2262 3464 3505 4494 
203 593 1120 1157 1295 1403 2327 4144 4153 4226 
710 893 981 1267 1467 2169 2215 2574 2668 4636 
186 417 497 500 1363 2051 2427 2545 2743 2985 3478 3680 3944 4277 
43 95 293 494 512 646 846 1175 1599 1615 1927 1989 2088 2107 2394 2409 2463 2675 2767 2835 3036 3067 3240 3294 3398 3408 3701 3730 3846 4016 4078 4102 4114 4123 4268 4399 4444 4519 4567 4649 4672 4761 4806 4878 4980 5000 
67 239 392 702 926 948 1107 1164 1705 3250 3319 4226 4674 
139 288 564 607 691 857 979 1041 1055 1170 1238 1563 1748 1966 1993 2094 2641 2690 2759 2882 3204 3248 3344 3381 3383 3450 3584 3593 3976 4071 4191 4239 4434 4445 4477 4615 4676 4684 4690 4739 4780 4785 4888 
116 449 557 816 837 1675 1806 1926 2365 3553 3722 4748 4784 
137 618 634 758 931 1735 1772 1923 2437 3679 
240 375 834 1045 1302 1752 1907 2195 2210 4366 
389 953 972 1054 1116 1160 1186 1637 1765 1789 1902 2352 2445 2479 2588 2989 3026 3423 3470 3658 3760 3998 4102 4157 4287 4374 4516 
1408 1542 1869 2062 2395 2854 3200 3698 3897 3898 4173 4624 
715 732 907 923 944 1398 1420 1502 1744 1815 2056 2092 2535 2624 2635 2836 2901 3029 3175 3460 4039 4474 4503 4689 
33 294 310 331 343 444 448 604 689 962 1163 1226 1326 1400 1543 1597 1644 1695 1748 2086 2362 2401 2654 2747 2963 2974 3056 3163 3236 3261 3403 3494 3890 3947 4008 4033 4178 4498 4594 4673 4798 4984 4993 
1141 1146 1210 1447 1537 1885 1915 2022 2742 2964 3543 4142 
430 731 1123 1341 1423 1823 2495 2510 2717 2728 3986 4065 4639 
129 221 390 442 493 597 911 1764 1962 2413 2466 2767 2919 2986 3355 3632 3902 4856 
216 458 663 671 829 1255 1639 1812 1935 2078 2422 2550 2712 3140 3358 3395 3418 3482 3732 3899 4194 4350 4378 4426 4431 4725 4738 4890 
585 938 1109 1396 1483 1873 1992 2187 2419 2792 2968 3189 3234 4187 4270 
130 225 261 1643 2559 2636 3101 3223 3390 3409 3879 4135 4535 4916 
322 345 474 608 1081 1098 1616 1711 1746 1858 1983 2023 2144 2231 2245 2729 2739 2820 3087 3131 3271 3295 3372 3445 3592 3622 3677 3866 3926 4206 4704 4840 4845 
151 170 601 669 1126 1215 2354 3107 3756 4018 4174 
304 546 698 711 796 844 1412 1457 1521 1554 1780 2129 2167 2423 2469 2601 2602 2848 2928 3109 3148 3338 3406 3540 3551 3586 3634 3676 3729 3775 3905 4329 4334 4355 4372 4493 4495 4508 4660 4790 4825 4854 4869 4924 4935 
106 739 741 1411 1426 1797 2114 2134 2384 2568 2806 3024 3571 3641 3661 3692 3822 3836 3845 3878 3908 4277 4371 4403 4941 4994 
169 275 338 618 845 990 1027 1189 1193 1487 1518 1617 1805 1979 1985 1991 2027 2200 2575 2831 2856 2871 3021 3099 3334 3664 3766 3821 3920 4116 4126 4145 4213 4370 4405 4522 4545 4588 4608 4692 4757 4790 4797 4822 4833 4913 
80 1008 1079 1206 1359 1585 2465 2520 2580 2887 2890 3210 4272 4302 4323 4411 4998 
25 144 214 223 245 335 437 651 1043 1088 1249 1824 2223 2735 2823 2947 3646 3762 3807 3818 3895 4052 4352 4553 4590 4592 4680 4951 
242 256 271 523 703 705 965 1098 1374 2080 2171 2425 2802 2883 3891 
127 350 610 612 811 876 878 917 935 1078 1099 1201 1395 1760 1783 1830 2009 2038 2280 2736 2774 2810 2859 2945 2998 3015 3164 3289 3300 3524 3595 3600 3725 3831 3952 4092 4263 4357 4731 4762 4944 4977 
670 855 874 1115 1198 1782 1835 2041 2844 2953 3451 3694 4274 4637 4689 4856 
188 217 275 314 315 384 466 600 665 697 1031 1058 1154 1172 1182 1299 1592 1731 1798 1799 1883 2220 2371 2444 2446 2510 2540 2809 2871 3085 3108 3112 3341 3463 3919 3923 4055 4259 4264 4415 4422 4433 4516 4622 4882 4902 4903 4940 
252 367 445 673 709 792 1344 1415 1514 1739 1768 1794 1796 1821 1864 2177 2267 2638 2711 2719 2853 3047 3061 3116 3176 3247 3260 3321 3419 3474 3606 3636 3645 3801 3945 4153 4315 4347 4421 4491 4527 4628 4900 4948 
496 771 1264 1287 1663 2001 2324 2596 2641 2803 3697 3863 3917 
79 85 391 399 427 433 568 573 901 983 1014 1199 1358 1524 1606 1726 1819 1925 2106 2125 2163 2579 2789 3082 3176 3214 3376 3485 3578 3594 3987 4042 4095 4199 4334 4476 4539 4543 4576 4664 4667 4707 4740 4862 4907 4926 4976 
353 565 570 866 1192 1206 1235 1437 1575 1788 1816 1875 2260 2311 2561 2925 3113 3143 3601 3662 3875 4047 4524 4611 4655 4656 4842 4939 
94 443 461 760 832 843 1473 1490 1611 1638 1756 2629 2689 2740 3120 3184 3238 3243 3541 3554 3726 4479 
455 576 712 923 1512 1769 3102 3902 3999 4034 
336 469 485 518 569 698 740 1258 2972 3167 3330 4105 
140 268 301 653 859 1300 1810 2537 3198 3259 3670 3738 3766 3839 3974 4056 4108 4175 4796 4854 4934 
207 452 463 466 1362 1518 1797 1911 2001 2399 2573 2627 2746 2876 2902 2923 3239 3394 4356 4714 4728 
27 182 236 241 320 478 516 658 815 1061 1628 2082 2493 2507 2508 2590 2668 3748 3809 4176 4284 4303 4638 4710 
115 229 756 880 888 1052 1184 1188 1204 1264 1295 1383 1718 1763 1841 1957 2164 2251 2325 2409 2600 2630 2847 2915 3033 3180 3299 3308 3356 3375 3473 3709 3843 3964 4054 4121 4158 4600 4617 4727 4746 4775 
129 142 527 561 756 806 1208 1210 1852 2058 2619 2701 2737 3234 3525 3652 3814 3826 3827 3945 4188 4398 4420 4433 4541 4549 4560 4613 4614 4652 4670 4933 4937 
222 584 627 713 866 1246 2708 2965 3140 4779 4788 
38 109 277 440 583 765 786 932 1083 1090 1231 1342 1471 1557 1719 1839 2540 2556 2824 2969 2973 2994 3153 3296 3456 3860 3993 4009 4130 4312 4459 4570 4715 4734 4746 4824 4864 
729 861 927 962 1005 1029 1523 1595 2260 2504 2570 2677 2881 2922 3061 3170 3515 3639 3734 3753 4208 4373 4446 4448 4476 4602 4657 4884 
53 119 300 654 761 1017 1444 1449 2071 2098 2202 2228 2347 2402 2763 2959 3523 3597 3659 4283 4327 4408 4518 4648 4788 4972 
426 485 516 1033 1284 1623 1763 2003 2304 2474 2625 2650 3177 3355 3501 3570 3582 3914 4245 4616 4916 
238 398 1006 1144 1200 1258 1320 1538 1557 1745 1914 2347 2361 2836 3065 3073 3083 3267 3282 3521 3673 3969 4361 4538 4927 4967 
341 794 945 1688 2477 2811 3591 3733 3825 4010 4584 4954 4966 
194 348 844 1480 1945 2457 3042 3086 3251 3282 3332 3713 4010 4467 4643 4849 4923 
361 763 1162 1466 1560 1597 1842 2597 3171 3828 
17 29 211 253 276 341 591 594 685 737 806 986 1324 1372 1410 1525 1533 1554 1920 2170 2284 2315 2513 2521 2756 2791 2992 3105 3158 3183 3252 3258 3471 3759 3792 4050 4053 4061 4164 4165 4186 4190 4359 4556 4581 4634 4638 4803 4831 4958 
34 45 120 570 780 867 959 1151 1224 1402 1465 1660 1704 1732 2084 2327 2379 2487 2578 2645 2905 2944 3092 3141 3188 3197 3244 3415 3441 3481 3680 3764 3786 3803 3899 3918 4038 4063 4089 4161 4609 4660 4705 4815 4914 
51 164 383 398 429 740 762 779 839 1131 1191 1437 1515 1601 1611 1937 2038 2215 2278 2472 2530 2908 3038 3142 3195 3270 3315 3445 3637 3757 3860 3951 4013 4043 4051 4061 4112 4314 4538 4677 4793 4868 4876 4931 4976 
160 382 902 1187 1298 1313 2503 3745 3957 4815 
32 455 630 977 1011 1063 1312 1625 2146 2533 2535 2614 2815 2873 3088 3213 3258 3552 3846 3961 3971 4088 4159 4262 4285 4316 4632 4653 4678 4682 4758 
622 661 742 768 934 1251 1290 1563 1710 1729 1740 1942 1974 2253 2348 2370 2420 2489 2514 2661 2676 2685 2833 3011 3205 3257 3306 3361 3686 3840 3916 3995 4021 4110 4167 4168 4254 4280 4440 4550 4578 4711 4733 4735 4879 4964 
41 728 1464 1958 2750 3139 3293 3586 3839 4262 4534 4577 4828 
215 1070 1741 2157 2369 2619 2672 2741 2762 3043 3209 3490 4733 
143 426 898 1328 1640 2015 2024 2220 2338 2423 2653 2924 3007 3266 3378 3841 3896 3923 4001 4846 4965 
31 111 178 356 405 462 549 675 720 928 949 1096 1128 1234 1400 1475 1484 1584 1656 1810 2065 2189 2196 2209 2221 2223 2288 2605 3496 3527 3708 3710 3915 3922 4079 4105 4132 4136 4228 4247 4391 4393 4479 4483 4544 4548 4563 4580 4587 4808 
125 165 1068 1476 2367 2911 3000 3172 3245 3879 
66 112 127 163 304 513 660 674 891 1180 1215 1601 2141 2290 2305 3046 3256 3342 3723 3760 3913 4088 4340 4571 4713 4951 4986 
37 101 647 1026 1119 1414 1417 1433 1436 1775 2024 2156 2291 2351 2394 2488 2563 2609 2642 2652 2738 2762 2834 3034 3351 3477 3631 3633 3711 3788 3805 3842 3891 4124 4261 4381 4497 4521 4547 
200 318 534 856 1261 1377 1399 1649 2016 2102 2640 2970 3039 3116 3242 3245 3362 3472 3662 3954 4026 4354 4813 4937 4970 4990 
257 351 475 603 830 915 1137 1167 1329 1919 2121 2633 2827 3074 3221 3439 3454 3516 3719 3747 3797 4327 4481 4496 4873 4997 
488 871 1262 1270 1286 1293 1634 2011 2069 2115 2447 3150 4005 4281 4772 
745 836 1462 1791 2330 2578 2592 2769 2805 3037 3334 3862 3955 
236 972 1059 1204 1504 1656 1665 1853 1866 2116 2255 2544 2921 3584 3864 4023 
633 725 883 1242 1418 1485 1488 1565 1595 1796 1804 2047 2076 2095 2196 2340 2737 2860 2878 2892 2906 3012 3249 3438 4135 4244 4333 4542 4650 
103 106 154 412 441 573 615 1045 1170 1259 1569 1614 1630 1897 1978 2181 2341 2549 2604 2691 2761 2819 2828 2942 3203 3230 3326 3346 3427 3440 3671 3727 3774 3894 3935 4125 4128 4389 4501 4945 4998 
72 221 364 490 1261 1551 1893 1928 2105 2127 2376 2442 2526 2569 2707 2757 2761 2808 2847 2990 3110 3164 3231 3628 3946 4004 4395 
6 84 134 542 1110 1165 1232 1397 1695 1836 1978 1992 2319 2389 2453 2670 2897 2963 3035 3241 3266 3655 3663 3798 4184 4217 4500 4546 
197 550 581 726 804 839 1364 1629 2036 2043 2097 2238 2525 2723 2882 2946 3097 3426 3506 3605 3626 3761 3991 4045 4138 4232 4260 4325 4466 4599 4626 
87 249 334 374 479 499 535 647 736 759 1020 1096 1214 1548 1698 1728 1738 1841 1927 2119 2120 2203 2644 2665 2772 2913 3167 3402 3711 3769 3869 3917 4064 4218 4301 4425 4765 4852 4921 
11 126 285 340 548 559 809 825 1288 1450 1602 1677 1939 2039 2048 2216 2244 2307 2369 2517 2681 2745 2885 3014 3059 3161 3179 3192 3262 3714 3731 3949 4000 4071 4285 4527 4646 4796 4915 4984 
42 207 283 514 586 629 1067 1090 1537 1779 2095 2236 2340 2573 2627 2941 3119 3172 3372 3434 3939 4149 4335 4363 4506 4650 4673 4693 4828 
19 110 124 266 486 930 1367 1460 1928 1957 2222 2588 2659 2768 2794 2826 2952 3010 3072 3367 3377 3465 3466 3859 4177 4425 4618 
268 339 349 775 1044 1143 1448 1669 1776 2133 2217 2467 2555 3113 3260 3340 3373 3448 3577 3800 4096 4580 4618 
39 62 429 509 541 595 860 864 1014 1117 1504 1646 1676 1692 1879 2101 2113 2637 2681 2728 2754 2914 3123 3340 3483 3487 3539 3612 3653 3724 3753 3770 3874 3915 4170 4208 4362 4491 4695 4698 
27 487 616 774 1241 1304 1348 1479 1549 1576 1580 1800 1896 1952 2107 2170 2450 2815 3026 3117 3151 3264 3283 3365 3672 3701 3745 3773 3950 3973 4008 4027 4127 4195 4309 4503 4585 4596 4730 4908 4956 
46 354 410 441 908 1463 1708 1713 1831 1856 1964 2301 2947 3194 3222 4357 4494 4540 4559 4668 4713 4891 
357 418 679 1498 1523 1561 1913 3576 4379 4509 4985 
29 35 546 626 889 933 1176 1239 1303 1342 1385 1559 1846 1900 2030 2294 2299 2432 2452 2485 2498 2560 2662 2708 3035 3363 3516 3699 3746 3751 3808 3904 4060 4222 4313 4344 4606 4671 4754 4755 4769 4781 4999 
332 400 424 741 1566 1722 1736 1994 2051 2142 2439 2482 2751 3106 3224 3272 3461 3545 3591 3811 3844 3896 4229 4305 4434 4700 4881 4889 4910 
986 1036 1199 1200 1378 1485 1539 2275 2790 3559 4320 4867 
94 331 389 556 724 759 1294 1583 1635 1687 1926 1997 2085 2118 2366 2418 2429 2729 2786 2875 3004 3159 3435 3517 3550 3674 3858 3931 3983 4021 4025 4123 4156 4267 4515 4563 4708 4739 4838 4875 
53 762 847 881 971 1268 1730 1732 2297 2710 4932 
183 296 334 377 387 416 538 606 653 793 996 1185 1202 1217 1827 1893 1901 2781 2967 2975 3177 3303 3424 3504 3520 3684 3728 3848 3862 3976 4572 4688 4700 4783 4821 4847 
65 531 843 1003 1225 1236 1929 2031 4612 4964 
166 230 294 853 895 1048 1104 1430 1737 1942 1996 2123 2280 2283 2306 2541 2932 2998 3005 3081 3149 3190 3306 3371 3403 3621 3778 3867 3882 3893 3937 4046 4162 4248 4273 4332 4346 4462 4464 4530 4564 4612 
506 586 939 971 1061 1186 1220 1259 1296 1448 1571 1651 1792 1964 2002 2115 2157 2179 2213 2282 2447 2536 2725 2769 2971 3039 3143 3262 3474 3806 3876 3988 4317 4469 4960 4996 
198 249 512 682 810 916 1097 1132 1191 1262 1271 1339 1435 1600 2000 2015 2030 2152 2459 2651 2891 2894 2935 3004 3046 3050 3051 3132 3156 3318 3327 3379 3733 3848 4072 4139 4326 4407 4497 4576 4625 4802 4952 
69 323 397 403 465 525 599 1057 1301 1450 1482 1593 1834 1858 1943 2189 2224 2289 2350 2691 3112 3135 3327 3424 3447 3702 3763 3881 3933 4094 4122 4627 4772 4789 4877 
77 201 344 482 1256 1649 1753 2194 2250 2470 2621 2978 3066 3104 3160 3168 3824 4838 
1121 1543 1807 1811 1908 2328 2494 2775 2934 3484 4107 4196 4498 
15 57 239 650 779 858 941 991 1150 1773 1898 2440 2470 2688 2704 2787 3007 3030 3109 3431 4104 4892 
582 961 1614 1703 2018 2111 2225 2473 2617 2754 2770 3233 3434 3459 3565 3668 3716 3877 4027 4062 4274 4737 4934 
6 156 223 547 934 937 1076 1502 1917 1959 2126 2201 2283 2403 2784 3021 3097 3370 3475 3557 3599 3735 3873 4214 4350 4654 4929 4980 
54 707 770 903 921 1050 1148 1451 1532 1733 2353 2629 2964 3712 3780 4055 4597 4771 4777 4843 
50 88 194 795 1030 2843 3135 3226 3947 4820 
14 282 303 749 964 1221 1459 1536 1770 2117 2420 2609 2880 3022 3152 3290 3736 3800 3804 3893 3989 4023 4427 4603 4893 
131 161 206 237 467 1080 1195 1238 1415 1541 1609 1653 1937 2129 2140 2233 2334 2342 2360 2414 2863 2965 2966 3104 3211 3239 3298 3388 3393 3574 3619 3688 3705 3761 3815 3853 3854 4386 4478 4569 4748 4869 4938 
96 176 256 269 317 671 688 992 1857 1910 2331 2431 2477 2822 2911 3354 3452 3906 4829 4844 
74 325 349 596 616 918 985 1071 1460 1663 1822 2138 2232 3796 3948 4040 4066 4368 4529 
21 119 295 828 1054 1458 1591 1608 1938 2081 2143 2237 2338 2344 2434 2438 2564 2582 2889 3091 3352 3371 3480 3967 4185 4320 4513 4562 4747 4763 4835 4848 
68 74 712 1486 1789 1890 2006 2072 2217 2402 2955 3013 3284 3385 3450 3476 3518 3538 3579 3651 3720 3721 3764 4014 4254 4722 4771 
286 559 655 1163 1471 1678 1817 2143 2817 2843 4351 4531 4775 
439 823 865 1056 1084 1231 1491 1854 2755 2901 3080 3497 4081 4163 4202 4594 4730 
57 85 897 1012 2277 2406 2415 2603 2734 3103 3231 3605 3614 3927 4004 4090 4124 4184 4201 4278 4316 4853 
12 372 1042 1568 1619 1795 1831 2149 2430 2472 2581 2582 3189 3429 3590 3665 3746 3819 3842 3889 3921 3953 4605 4901 
649 873 1091 1159 1443 2034 2932 3070 3532 4232 
303 595 730 1049 1366 1781 1832 1859 1887 2087 2208 2620 2664 3103 3175 3202 3254 3302 3422 3489 3654 3795 3817 4119 4221 4281 4574 4738 
8 635 673 1133 1179 1334 1670 1679 1887 1977 2012 2422 2788 2933 3049 3069 3685 3692 3885 4166 4602 4610 4635 4716 4764 
838 1067 1666 1683 1764 2033 2263 2706 2793 2861 2888 3166 3201 3408 3416 3441 3548 3635 3688 3900 3967 4007 4113 4356 4595 4793 4805 
87 175 191 790 811 932 1081 1275 1513 1577 1618 1679 1769 1894 2039 2114 2206 2388 2512 2518 2626 2653 2679 2980 3019 3040 3192 3393 3524 3528 3608 3950 4075 4094 4234 4290 4295 4358 4453 4584 4725 4773 
36 240 563 1124 1495 1510 1637 1860 1953 2310 2496 2705 2906 2909 2926 2931 3227 3336 3349 3429 3458 3546 4130 4220 
473 692 846 936 1432 1826 1982 2085 2197 2720 2849 2920 3138 3250 3405 3468 3511 4328 4756 
323 656 679 833 922 1190 1461 1749 2109 2110 2222 2342 2397 2667 3362 3526 3607 3830 3870 3912 3929 4109 4249 4455 4536 4616 4993 
105 386 621 723 1085 1165 1579 1627 1629 1700 1702 1949 1967 2044 2098 2130 2191 2238 2322 2433 2460 2804 2876 3162 3201 3285 3342 3400 3920 4472 4525 4681 4744 4883 4889 4895 4896 4932 4947 
280 657 766 817 937 1110 1353 1777 1884 2293 4250 4369 
75 189 302 826 988 1297 1351 1424 1607 1622 1972 2117 2278 2632 2943 3154 3193 3784 4297 4410 4543 4578 4617 4759 4837 
229 366 521 666 1077 1103 1128 1197 1885 1888 2252 2384 2427 2448 2587 2788 2813 2944 3422 3513 4028 4093 4194 4387 4574 4778 4784 4939 
120 247 420 644 1130 1172 1434 1845 2216 2235 2313 2649 3005 3351 3414 4074 4218 4245 4791 4899 
152 248 358 403 456 457 816 1004 1494 1540 1640 1757 1766 1947 1954 2054 2089 2122 2161 2529 2639 2700 2859 2950 3015 3076 3202 3467 3522 3561 3564 3573 3682 3714 3756 3807 3851 3864 4038 4428 4866 4950 4954 
42 76 274 464 1011 1636 1833 1915 2752 3214 3984 4074 4642 4882 
1046 1065 1188 1246 1318 1456 1790 1873 2202 2468 2481 2566 2598 2749 2870 3197 3337 3386 3723 3941 4200 4413 4451 4620 4641 4747 4881 4930 4979 
5 245 522 562 685 1060 1285 1323 1330 1499 1550 1821 2061 2183 2195 2201 2292 2736 3227 3263 3277 3407 4343 4633 4749 4817 4878 4885 
208 264 392 547 575 1000 1112 1556 1903 2084 2380 2471 2533 2611 2685 2765 2874 2912 3002 3117 3237 3314 3330 3399 3566 3602 3813 4151 4272 4429 4779 4935 
507 1442 1573 1581 1589 2478 3028 3322 3636 3740 3771 3857 3942 4422 4519 4634 
28 103 112 220 371 783 1202 1484 1489 1750 1851 2140 2371 2518 2780 2814 3001 3057 3137 3331 3686 3914 4044 4080 4310 4542 4971 
160 180 333 524 689 720 738 767 799 803 1178 1181 1847 2124 2521 2524 2554 2635 2684 2999 3181 3438 3568 4322 4371 4382 4493 4593 4810 4877 4997 
168 224 376 453 606 648 864 933 1078 1118 1275 1500 1676 1972 1987 2062 2077 2182 2392 2412 2895 2993 3053 3105 3206 3232 3248 3281 3287 3319 3352 3447 3497 3501 3559 3646 3651 3703 3856 4024 4220 4279 4299 4305 4344 4454 4620 4701 4910 
31 47 159 266 270 406 682 761 1267 1585 1588 1741 1899 2159 2161 2191 2258 2337 2424 2491 2558 2652 2658 2674 2723 3052 3545 3558 3852 4018 4031 4389 4430 4923 
528 619 1073 1182 1477 1883 2735 3142 3898 4311 4750 4911 
51 146 269 375 469 551 600 638 716 852 950 982 1399 1575 1618 1723 1892 2279 2286 2706 2764 3316 3357 3563 3583 3590 3713 3732 3802 3981 4020 4260 4383 4397 4432 4447 4556 4558 4717 4826 4839 4841 4879 4886 4974 4986 
63 537 708 1686 1891 2176 2288 3820 4217 4318 4411 
201 381 1022 1702 1746 2335 2591 2899 3217 3483 3488 3521 3610 3643 3739 3903 4016 4894 
175 562 752 973 1313 1538 1582 2557 4224 4862 
92 234 309 539 545 789 1022 1072 1093 1429 1613 1683 1706 1749 1889 1890 1968 2066 2122 2153 2281 2437 2721 2966 3081 3310 3311 3402 3405 3499 3585 3780 3784 3874 4005 4080 4161 4270 4367 4390 4394 4510 4659 4810 4850 4871 4898 4899 4917 4991 
18 388 649 652 1930 2829 3783 4785 4811 4942 4971 
141 146 362 588 612 757 900 977 1002 1064 1131 1168 1278 1547 1572 1724 1745 1844 1995 2102 2109 2250 2290 2503 2602 2607 2712 2864 2918 3009 3013 3016 3079 3244 3573 3718 4032 4037 4179 4181 4283 4473 4484 4701 4859 
523 1192 2000 2040 2333 2372 2458 2604 2610 2727 2916 3111 3423 4066 
406 558 584 793 827 1310 1754 1848 1941 1973 2383 2993 3154 3476 3596 3603 3872 3904 3909 4086 4364 4375 4593 4783 4966 4985 
58 93 122 204 532 999 1137 1379 1836 2100 2396 2467 2662 2816 2946 3091 3439 3533 3685 3768 3908 4103 4366 4460 4554 4591 4706 4728 4994 
145 212 246 416 449 630 664 1343 1394 1405 1419 1792 2004 2070 2128 2301 3498 3643 3982 4233 4511 4858 
215 433 695 881 1392 1734 1874 2174 2999 3718 4778 
717 782 820 1406 1784 1951 2124 2205 3098 3185 3415 3533 3619 3747 4455 
7 552 554 608 717 1127 1138 2053 2083 2177 2185 2240 2528 2726 3025 3317 3511 3539 3847 4147 4182 4265 4299 4306 4441 4458 4696 4710 4714 4718 4743 4841 
91 292 714 924 1445 1623 1684 3548 3938 4388 
206 226 498 580 785 786 984 1025 1038 1102 1395 1508 1511 1521 1650 1998 2008 2074 2152 2210 2400 2765 2878 3200 3270 3366 3382 3391 3492 3736 3741 3802 3861 3956 4256 4290 4323 4368 4452 4565 4608 4626 4846 4887 4953 4967 
22 209 289 1555 2358 2436 2462 2638 2887 2981 4026 4213 4801 4949 
158 491 849 1674 1976 2266 2405 2645 2725 2841 3772 4298 4360 4581 
150 505 706 841 871 879 925 1868 1911 2375 2387 2961 3583 4435 4551 
347 701 750 808 882 1357 1918 1963 2253 2854 
481 623 700 878 1309 1961 2060 2373 2567 2665 3401 3491 3660 3829 3838 4029 4424 4636 
1266 1439 2308 2364 2368 2390 2496 2709 2840 4621 4823 4883 4975 
30 184 253 692 1368 2108 2136 2300 2386 2504 2572 2747 2837 3043 3297 3799 4369 4396 4686 
66 98 174 772 1522 2326 2386 2403 2613 2686 2702 3058 3268 3299 3354 3367 3694 3868 3871 3936 4002 4164 4207 4294 
13 185 396 603 823 854 1037 1265 1359 2029 2828 3377 3508 3598 3603 4001 
102 218 966 1212 1552 1867 1955 2303 2476 3002 3155 3168 3647 4143 4489 4551 
38 297 358 401 404 412 556 558 677 851 995 1094 1681 1699 2068 2077 2370 2671 2930 3068 3125 3496 3532 3690 4081 4222 4227 4241 4328 4465 4471 4619 4860 4865 4928 4982 4990 
243 501 675 801 2005 2249 2730 3706 3782 4382 4683 
448 659 680 1689 2349 2527 2669 2855 3121 3278 3913 4520 4972 
48 138 335 370 376 492 648 787 898 944 994 1047 1229 1390 1493 1645 1793 2241 2298 2341 2622 3096 3171 3696 3779 3857 3933 4003 4526 4561 4754 4857 4909 4960 4965 
827 882 947 1032 1936 1969 2007 2067 2441 2539 2926 3121 3286 3312 3498 3681 4177 4288 
453 462 536 736 744 748 802 989 1071 1985 2332 2848 2917 3348 3358 3366 3462 3527 3647 3670 3868 4478 4509 4643 
319 355 371 560 587 997 1105 1435 1948 2064 2099 2375 3930 4318 4668 
25 394 414 540 910 928 951 1016 2800 2894 2968 3056 3255 3369 3865 4083 4143 4307 4676 
220 591 1337 1416 1444 1535 1882 2097 2242 2256 2389 2760 2903 2962 3290 3587 3931 3980 4228 4230 4278 4475 4537 4827 4925 4949 
227 727 800 895 900 979 1142 1299 1306 1317 1562 1621 1811 2050 2197 2411 2501 2835 2853 2866 3484 3544 3576 3752 3754 3833 4275 4385 4486 4586 4624 4723 4920 4973 4987 
71 107 108 132 325 356 360 549 639 754 927 949 1074 1257 1305 1499 1536 1544 1726 1753 1803 1838 1861 1880 2112 2158 2434 2605 2612 2880 3052 3107 3165 3247 3333 3425 3596 3656 3833 3998 4240 4408 4445 4601 4640 4800 4861 4961 
18 20 191 278 451 459 521 850 947 1375 1524 1961 2186 2313 2410 2844 2868 2983 2995 3108 3141 3223 3226 3287 3300 3510 3609 3818 3878 3932 3944 3988 4052 4059 4117 4191 4234 4265 4342 4702 4712 4847 
43 543 560 814 911 1205 1216 1492 1531 1624 1631 1685 1700 1840 2159 2239 2271 2272 2307 2395 2502 2524 2877 2910 3158 3220 3503 3750 3968 4041 4085 4289 4699 4764 4823 4876 4890 4969 
104 162 458 690 792 1080 2052 2857 4115 4142 4837 
219 565 572 896 1093 1247 1273 1300 1308 1431 1901 2412 2758 3165 3553 
284 753 787 943 1000 1018 1065 1075 2130 2180 3650 3744 3806 4030 4041 4307 4452 4894 4943 
438 974 1233 1490 2193 2377 2449 2938 3162 3654 3810 4126 4926 4983 
480 699 1161 1315 1664 1949 3191 3519 3729 4258 
785 797 1021 1877 2234 2296 2355 2366 2387 2927 3006 3075 3420 3566 3645 3660 3666 3791 3852 4417 4442 4645 4737 4918 4983 
909 1339 2059 2323 2646 3555 3867 4187 4223 4802 4920 
227 260 470 672 686 1318 1454 1501 1662 1704 1906 2003 2032 2145 2404 2450 2753 3047 3215 3604 3696 3708 3849 3855 3865 3910 4036 4197 4221 4304 4341 4406 4437 4809 4992 
39 128 336 834 1023 1024 1224 1325 1520 1545 1547 1620 1624 1876 2017 2072 2176 2259 2261 2322 2324 2489 2874 2891 2893 2915 3023 3076 3082 3178 3291 3333 3549 3706 3997 4198 4251 4598 4687 
55 337 435 544 955 975 1218 1325 1409 1981 3615 3855 
113 171 369 391 427 444 522 760 914 1205 1283 1438 1562 1567 1613 1743 1802 1808 1822 2047 2144 2428 2529 2606 2879 2890 3009 3030 3060 3205 3243 3252 3390 3514 3666 4099 4107 4120 4211 4400 4592 4703 4734 4851 
960 1114 1136 1389 2043 2155 2631 2683 2797 3174 3297 3401 3490 4891 
386 687 1051 1323 1436 1645 1802 1847 1862 1878 2099 2183 2381 2398 2542 2594 2623 2866 2895 3293 3407 3734 4396 4450 4607 4619 4628 4647 
139 148 149 178 434 694 1195 1219 1330 1332 1479 1526 1587 1950 2112 2188 2190 2656 2832 2976 3048 3598 3804 3960 4106 4403 4463 4850 
2 105 248 504 776 805 1288 1326 1916 1929 1968 2325 2382 2687 2703 2951 3443 3689 4012 4020 4204 4216 4345 4753 4814 4884 
44 483 578 621 751 1118 1129 1140 1970 2363 2451 2791 2839 2971 3449 3482 3569 3616 3624 3652 3675 3727 3769 3790 3894 4237 4297 4488 4648 4651 4721 4829 4871 
64 190 1556 1587 1641 1905 2045 2226 2254 2475 4152 4383 4873 
769 967 1211 1667 1720 2983 3138 3391 3705 4031 4083 4192 
251 385 1227 1355 1441 1857 2227 2713 2829 2920 3174 3510 4097 4341 
135 267 346 913 1310 1449 1747 1863 2908 2938 3578 
4 308 324 813 905 1148 1213 1254 1302 1340 1904 2452 2538 2595 2657 2939 3033 3215 3253 3339 3388 3620 3623 4056 4091 4093 4152 4266 4416 4583 4696 4808 
10 722 941 1024 1241 1809 2276 2348 2421 2744 2779 2936 2937 3999 4436 4996 
136 411 423 460 640 672 1134 1276 1281 1319 1321 1331 1380 1677 1865 2049 2100 2335 2563 2586 2650 2933 2941 3134 3218 3228 3320 3392 3594 3687 3778 4172 4174 4303 4374 4666 4763 4807 4897 
26 32 90 643 645 739 1122 1257 1347 1402 1425 1453 1559 1829 1832 2204 2483 2585 2789 2900 3122 3225 3230 3432 3495 3536 3565 3684 3743 3863 3934 4030 4131 4392 4512 4564 4929 4992 
96 291 316 319 342 355 471 520 777 926 1236 1305 1470 1589 1612 1713 1716 1814 1834 1852 1950 2096 2128 2302 2315 2443 2601 2806 2814 2821 3148 3430 3535 3901 3926 4154 4282 4321 4496 4604 4774 4786 4863 4919 4938 4963 
310 479 1034 1147 1167 1179 1221 1242 1322 1381 1429 1578 1635 1661 1924 2060 2185 2730 2872 2873 3126 3133 3207 3360 3373 3742 3777 3794 4075 4132 4171 4373 4468 4482 4502 4582 4726 4814 4959 4962 4989 
155 510 620 622 1250 1422 1659 2796 3206 3500 3721 3936 4343 
59 210 807 887 1158 1356 1708 1803 2232 2918 
170 450 1176 1301 2175 2247 2497 2509 2513 2792 3347 3622 3638 3844 4167 4404 4913 
407 473 599 1026 1232 1738 1774 2219 2309 2768 2798 2886 3044 3235 3397 3599 3715 4144 
45 147 188 311 378 431 432 743 835 879 1316 1438 1633 1701 1780 1894 2297 2982 3090 3211 3410 3648 3697 3758 3831 3979 4068 4146 4404 4485 4791 4970 4987 
79 172 277 640 1343 1519 2022 2139 2287 2581 2732 2833 2850 2907 3027 3678 3830 3834 4363 4677 
16 60 183 312 483 1006 1283 1376 1446 1497 1606 1905 1984 2268 2356 2862 2913 3128 3156 3207 3212 3292 3324 3487 3493 3505 3537 3837 3946 4006 4098 4199 4365 4418 4420 4458 4554 4597 4649 4752 4757 4905 4942 4968 4981 
62 725 873 890 1092 1143 1279 1639 1691 1758 1975 2156 2589 2625 2663 2699 2977 3136 3224 3396 3536 3595 3979 3996 4006 4019 4058 4336 4505 4567 4683 4729 4740 
84 393 950 1329 1491 1632 1721 2178 2703 2733 3067 3395 3413 3555 3679 4003 4078 4084 4224 4697 
289 305 678 1001 1069 1113 1564 2165 2282 2339 3519 4741 
330 465 642 668 708 1111 1820 1861 2484 2492 2834 2972 3328 3493 3829 4579 
117 157 288 1321 1642 1931 2478 2845 2984 3238 3955 4125 4219 4539 4707 
89 542 615 777 976 1139 1347 1369 1424 1481 1849 1947 1953 2014 2096 2264 2378 2408 2416 2519 2557 2615 2867 2960 2979 3071 3221 3343 3376 3444 3823 3901 3907 4118 4195 4286 4335 4391 4402 4457 4596 4615 4801 4955 4988 4989 
81 1398 1411 1717 1837 1878 2073 2078 2127 2192 2546 2962 3055 3418 3420 3436 3468 3543 3717 3755 4087 4193 4215 4279 4332 4456 4532 4534 4669 4906 4981 
133 351 484 743 954 1388 1895 2002 2695 2777 2785 2929 2940 4238 4276 
308 404 477 548 553 684 828 970 1149 1173 1183 1269 1328 1558 1596 1755 1767 1808 1819 1904 2531 2719 3040 3179 3210 3217 3446 3478 3479 3567 3695 3700 3869 4062 4338 4376 4432 4504 4661 4719 4816 4912 4957 4963 
307 451 534 697 875 894 899 1287 1354 1439 1442 1527 1687 1830 1872 1932 2068 2075 2082 2113 2173 2256 2314 2377 2596 2879 3018 3041 3045 3469 3683 3906 3958 4085 4321 4337 4353 4552 4573 4599 4760 4870 4922 
108 1509 1946 1960 2236 2242 2511 2565 2773 3145 3378 3560 3613 3816 3910 3940 3961 4044 4361 4930 
169 561 577 624 658 963 1015 1082 1201 1530 1577 1586 1722 1798 1881 1958 2218 2229 2500 2547 2660 3249 3301 3469 3542 3669 3738 4499 4589 4623 4892 
233 329 667 799 842 884 1097 1100 1194 1253 1361 1627 1956 2239 2391 2561 2616 2678 2799 2957 3008 3254 3323 3500 3632 3835 3968 4271 4298 4742 4744 4902 
328 645 721 731 942 1843 1969 1980 2037 2460 2680 2898 2996 3412 3458 3509 3928 3983 3984 4069 4308 4637 4749 
137 819 1166 1566 1711 2262 2286 2842 3077 3182 3246 3280 3502 3716 4063 4653 
255 273 431 495 681 812 1171 1230 1461 1825 2455 2819 2888 3095 3790 4185 4529 4674 
313 468 676 690 1013 1066 1106 1156 1164 1833 2162 2345 2532 2615 2771 2817 2863 2942 3032 3078 3147 3278 3321 3442 3562 3592 3759 3970 4101 4219 4293 4379 4412 4495 4566 4621 4736 4777 4853 
153 628 1007 1371 1540 1570 1899 2158 2516 2523 2583 2724 2852 2954 3017 3789 3924 4849 
52 199 468 504 1584 1594 1636 1709 1775 2230 2316 2698 2838 3031 3668 3772 3828 3973 4128 4190 4610 4635 4852 
161 553 733 832 1245 1344 2154 2188 2246 2374 2441 2490 2552 2658 2827 2832 3093 3265 3404 3507 3572 3615 3644 3770 3884 3972 3994 4155 4656 4721 
68 298 447 481 693 1044 1153 1239 1334 1434 1707 1737 1785 1859 1986 1999 2050 2093 2148 2150 2180 2270 2742 2799 2884 2905 2969 3186 3187 3209 3229 3520 3531 3593 3630 3888 3963 4014 4110 4170 4212 4250 4401 4523 4557 4766 
24 605 840 1280 1333 1458 1696 2401 2790 2945 2992 3063 3479 3560 3993 4466 
217 446 490 643 696 819 940 1184 1345 1603 1998 2269 2329 2330 2336 2673 3118 3457 3528 3534 3892 3980 3987 4070 4076 4183 4291 4481 4629 4694 4724 4982 
259 869 952 1046 1496 1516 1605 3480 3924 4370 4607 
1009 1610 1652 1678 1940 2042 2090 2108 2302 2361 2731 2783 2820 2923 3242 3580 3704 3925 3978 4045 4345 4409 4813 4880 4888 4948 
283 326 862 1069 1145 1346 1369 1454 2435 2551 3233 4296 
373 958 1147 1338 1427 1548 1668 1944 2021 2091 2211 2269 2359 2364 2393 2869 3003 3304 3374 3389 3627 3633 3885 3903 3966 4011 4134 4189 4205 4258 4261 4467 4507 4644 4750 4818 4832 
415 432 886 938 1029 1057 1203 1503 1669 1682 1715 1766 1912 2105 2160 2212 2705 2778 2830 2846 3125 3353 3529 3547 3809 3825 4141 4180 4294 4330 4591 4709 4741 4855 
511 602 1035 1086 1475 1671 1794 2046 2454 2795 2928 3020 3094 3387 3637 3649 3977 3992 4035 4203 4492 4885 
436 467 589 773 1662 1813 2209 2346 2823 4376 4435 4537 4686 
195 299 363 365 384 396 439 486 517 577 764 770 1244 1590 1731 1765 1922 2028 2184 2244 2274 2505 2655 2787 2867 2919 3029 3037 3093 3169 3276 3305 3350 3691 3783 4169 4331 4399 4401 4414 4490 4685 4690 4753 4767 4834 
100 231 315 515 798 1025 1463 1982 2697 4568 4665 4804 
73 109 287 508 590 969 1694 1934 2243 3222 4945 
167 250 609 796 1272 1296 1335 1351 1507 1529 1530 1602 1651 1655 2111 2168 2399 2486 2857 2904 3336 3699 3702 3740 3819 3827 3876 3911 3943 3981 4242 4460 4465 4631 
290 424 529 968 993 1252 1303 1384 1389 1551 1609 1909 2480 2851 2865 2961 2991 3394 3454 3588 4049 4082 4163 4269 4338 4419 4488 4533 4639 4642 4768 
193 592 998 1751 1795 1999 2620 3387 4236 4659 4995 
408 1021 1154 1277 1386 1478 1534 2063 2166 2172 2285 2482 2864 3274 3486 3737 3942 4069 4178 4211 4314 4377 4470 4614 4820 
