114 204 209 662 811 1198 1315 1607 1638 1743 1795 3232 3477 
242 538 891 904 1007 1123 1867 2344 2576 2817 2895 3059 3328 3379 3441 3573 4036 4405 4481 4503 4851 
373 748 772 1080 1372 1464 1901 2271 2279 2376 2402 2821 2851 2919 4315 4664 4846 
49 469 1886 1960 2111 2187 2390 2608 2638 3210 3627 3707 4146 4273 4596 
258 313 426 464 503 548 560 819 849 873 953 1091 1204 1264 1488 1839 1857 1994 2048 2099 2362 2379 3042 3196 3199 3332 3448 3518 3928 3929 4149 4214 4335 4609 4617 4725 4810 
862 1779 1889 1913 2052 2143 2239 2290 2346 2524 2575 2584 2859 3108 3497 3913 4258 4389 4407 4753 4878 
339 515 791 996 1070 1329 1816 1817 2453 2663 2712 3033 3189 3602 3743 3841 4243 4334 4406 4580 4625 4872 
331 377 393 444 705 1208 1646 1716 2038 2076 2279 2923 3306 3719 4062 4204 4379 4828 
37 248 438 479 598 842 1758 1770 1959 2109 2487 2637 3050 3790 3843 4488 4966 
215 255 666 749 1642 1759 1800 1927 2315 2415 2727 3352 3972 
250 715 792 1225 1402 1680 1692 2253 2408 2477 2549 2707 2904 3149 3271 3315 3623 3776 3814 3849 4196 4352 4549 4833 
824 1050 1124 1145 1147 1228 1414 1752 1818 2835 4169 4355 
363 540 694 1130 1244 1325 1670 2160 2290 2508 2515 2569 3080 3187 3254 3325 3706 3742 3746 3818 3953 4146 4194 4354 4420 4468 4509 4527 4536 4537 4567 4656 4693 4709 4710 4724 4835 4977 
239 467 476 490 527 577 799 1281 1287 1321 1810 1894 2093 2286 2413 2482 3045 3079 3319 3520 3969 4287 4370 4382 4465 4472 4500 4590 4832 4847 4915 4958 4978 
1083 1359 1368 1606 1705 1717 1797 1813 1941 2027 2028 2054 2124 2132 2229 2501 2709 2746 2806 3020 3192 3212 3267 3419 3483 3624 3677 3873 3901 3926 4112 4205 4229 4330 4344 4357 4385 4599 4600 4606 4719 4723 4790 4841 4852 4902 4984 4991 
326 359 366 689 784 863 964 1261 1648 1677 1701 1841 1914 2176 2286 2472 2654 2701 2941 3105 3220 3376 3538 3576 3886 3961 4317 4602 4888 4931 
254 457 499 1273 1302 1346 1600 1648 1659 1746 1809 1853 2273 2419 2661 2783 3363 3380 3440 3546 3641 3666 3693 3710 3731 3753 3969 4268 4309 4630 4793 4873 4967 
457 557 687 834 1109 1200 2114 2251 2420 2467 2536 2560 2890 2933 3020 3495 3523 4036 4164 4391 4395 4926 
16 40 182 272 279 287 323 434 471 989 1069 1481 1604 1925 2126 2377 2394 2504 2541 2981 3002 3199 3263 3321 3422 3532 3683 3701 3820 4028 4101 4262 4272 4358 4426 4450 4592 4713 4796 
74 995 1045 1060 1089 1226 1614 2075 2334 3181 4430 
101 211 770 838 933 1026 1033 1149 1251 1324 1580 1840 2268 2432 2518 2531 2583 2676 2803 2926 3062 3088 3159 3208 3302 3376 3383 3394 3411 3497 3627 3676 3680 3945 3994 4042 4050 4052 4155 4383 4416 4644 4740 4745 4826 4960 4965 4971 4996 
783 841 938 1005 1116 1815 2430 3024 3121 3370 4265 4578 
280 686 745 1067 1103 1195 1450 1873 2349 2477 3062 3161 3274 3820 
90 163 422 465 506 655 1875 2094 3446 3880 
92 220 225 228 383 403 581 2884 3721 3790 
167 423 888 996 1077 1221 1643 1824 1852 2697 3715 3863 
54 89 119 390 472 527 794 2141 3234 3669 
227 371 516 844 997 1070 1439 1578 1691 2138 2458 2752 2947 3133 3390 3423 3564 3780 3925 4442 4956 4977 
117 276 400 513 787 2486 3537 3590 3687 4867 
337 355 567 602 611 757 794 958 1126 1319 1358 1492 1568 1723 1786 1793 2141 2533 2600 2621 2733 2910 3096 3098 3127 3152 3362 3485 3546 3871 4015 4082 4117 4147 4290 4367 4428 4467 4570 4751 4800 4811 4843 4952 4995 
5 670 821 1071 1249 1276 1296 1411 1647 1669 1683 1785 1809 1884 2146 2199 2476 2887 3018 3262 3265 3638 3823 3985 3993 4184 4185 4293 4310 4316 4360 4398 4415 4427 4571 4828 4866 4943 
334 360 533 764 1139 1212 1388 1435 1478 1946 2017 2210 2307 2540 2580 2765 3122 3226 3999 4806 4952 
111 114 166 375 1019 1137 1201 1446 1711 1929 1961 2404 2695 2719 3238 3452 3811 4101 4288 4516 4529 4999 
135 267 364 436 619 737 1140 1431 1780 1819 1834 1936 2099 2117 2122 2316 2506 2586 2706 2845 3144 3164 3197 3399 3794 3815 3872 3967 4070 4100 4362 4434 4490 4522 4632 4783 4785 4889 4912 4941 
174 827 907 1523 1855 2014 2050 2071 2133 2202 2366 2456 2665 2718 3153 3296 3429 3817 3933 4479 4880 
2 142 199 307 651 703 836 1369 1379 3290 4213 
356 499 857 895 905 1565 1632 1789 1803 1999 2275 2748 2782 2896 
13 74 202 301 526 683 1065 1172 1248 1285 1317 1397 1527 1882 2015 2081 2101 2297 2336 2409 2570 2587 2793 2874 2936 3423 3470 3537 3543 3551 3708 3730 3799 3941 3949 3976 3982 4004 4018 4078 4083 4156 4506 4568 4708 4766 4946 4955 
130 442 808 1079 1855 1955 2155 2233 2302 2500 2835 3041 3156 3687 3935 
213 238 358 404 480 774 1470 2172 2769 4137 
68 541 691 713 873 924 950 953 1237 1239 1264 1266 1304 1417 2362 2660 2707 3073 3107 3241 3491 3506 3589 3608 3629 3690 3740 3796 4073 4236 4411 4438 4652 4666 4685 4842 4993 
273 414 434 516 556 796 1023 1241 3036 4261 4677 
12 39 384 695 786 1087 1350 1352 1540 1581 1591 1628 1973 2108 2171 2330 2353 2384 2776 2779 3098 3213 3293 3547 3900 3992 4153 4235 4688 4877 
249 263 322 660 885 957 1078 1342 1849 1978 2173 2293 2629 2976 3009 3318 3480 3561 3726 3801 3899 4222 4634 4900 4991 
28 169 483 802 854 987 1105 1277 1451 1507 1673 1722 1943 2039 2128 2228 2282 2446 2692 2716 2734 2908 3079 3102 3346 3386 3433 3467 3476 3550 3695 3705 3716 4017 4165 4309 4459 4481 4749 4770 4771 4772 4774 4830 4845 4862 4876 4922 4981 
40 76 525 896 909 960 1217 1505 1542 1575 1617 1628 1867 2335 2372 2623 2839 2856 3107 3147 3214 3350 3409 3442 3574 3584 3940 3952 4040 4064 4195 4332 4494 4571 4627 4685 4859 4912 4935 
43 387 1223 1501 1589 1641 1715 1806 2152 2494 2679 2721 2962 2965 4541 4622 
777 805 931 1221 1463 2188 2226 2337 2401 3374 3569 3703 3919 3950 4994 
525 700 856 979 1058 1267 1500 1988 2036 2240 2385 2987 3076 3093 3150 3188 3311 3444 3462 3615 3625 3904 3913 4025 4045 4048 4108 4145 4217 4343 4732 
21 222 259 344 492 1115 1172 1301 1405 1412 1845 1912 2878 2924 3008 3015 3110 3206 3219 3236 3368 3480 3540 3671 3873 3908 4016 4181 4228 4250 4476 4616 4660 4662 4936 
676 717 1272 1417 1510 2002 2066 2364 2393 2415 2466 2615 2654 2968 3333 3763 3805 4127 4552 
361 492 725 976 1156 1424 1426 1429 1977 2040 2112 2178 2463 2766 2806 2981 4234 4282 4854 
1 262 421 446 453 609 665 669 942 992 1000 1120 1328 1490 1796 1844 1952 2142 2330 2382 2450 2502 2512 2683 2726 2893 2947 3004 3081 3246 3493 3681 3832 3914 3971 4039 4070 4084 4153 4161 4254 4302 4369 4475 4589 4603 4702 4786 4918 4956 
96 277 558 579 988 1008 1151 1183 1714 2699 4158 4585 4759 
52 518 579 791 1165 1262 1313 1668 1719 1875 1934 2005 2177 2337 2552 2557 2623 2709 3128 3176 3198 3203 3397 3466 3594 3947 4054 4158 4239 4255 4257 4459 4614 4626 4750 4794 4814 4829 4850 4986 
222 234 251 750 841 1522 1631 1688 1725 1736 1902 2327 2361 2527 2610 2963 2967 3348 3383 3392 3495 3740 3752 3817 3996 3998 4120 4163 4189 4251 4342 4384 4477 4544 4619 4686 4715 4725 4760 4764 4775 4865 4957 
138 262 421 644 790 918 1102 1537 1635 2260 2363 2490 2622 2722 2762 3116 3484 3522 3633 3674 4261 4430 4534 4668 4710 4957 
230 677 759 851 981 1162 1609 1880 1898 2008 2136 2184 2234 3055 3248 3626 3708 3712 3757 3833 4180 4242 4293 4295 4396 4454 4540 4586 4727 4773 4920 4928 4998 
120 370 669 872 1204 1402 1444 1458 1983 2372 2408 2834 2868 2933 3004 3202 3315 3554 3557 3848 4072 4162 4319 4546 
1113 1240 1621 1764 1775 1818 1836 1939 1948 2339 2578 2746 2778 2882 2949 3178 3211 3268 3370 3571 3659 3796 3870 4301 4374 4379 4510 4531 4576 4902 4958 
86 827 865 983 1153 1284 1316 1499 1654 1773 2236 2479 2513 2600 2616 2650 2790 2801 2837 3051 3058 3106 3344 3819 3916 4018 4274 4387 4495 4575 4627 4720 4854 4867 4899 4964 
35 85 224 370 699 935 1100 1541 1831 1949 1992 2075 2688 4492 
285 783 927 1131 1475 1845 2090 2139 2479 2711 2839 3131 3331 3347 3515 3769 3798 3865 4055 4338 4698 4699 4781 4869 4903 4993 
206 391 644 865 1024 1316 1421 1710 1904 2253 2733 2811 2829 2847 2865 2872 2968 2969 3044 3103 3252 3337 3624 3698 3782 3976 4034 4165 4292 4884 4934 
305 502 585 672 867 1425 1908 2770 2822 3025 3915 
780 811 851 914 984 1004 1451 1678 1850 1939 1954 1991 2255 2270 2381 2627 3055 3103 3238 3260 3261 3424 3494 3645 3797 3906 3948 4168 4322 4408 4478 4534 4741 4812 
678 1039 1055 1250 1487 1659 1832 1860 2113 2394 2682 2708 2772 2986 3441 3560 4818 
338 420 1245 1490 1645 1922 1956 2193 2614 2664 3489 4166 4349 4521 4847 
501 571 596 604 668 1033 1422 1491 1694 2006 2317 2417 2627 2688 2697 2820 2826 3104 3173 3514 3631 3633 3838 3841 3905 3914 3954 3975 4043 4063 4088 4266 4504 4660 4731 
124 226 289 965 1150 1341 1441 1470 2554 2615 3311 3966 
99 442 483 820 840 1017 1202 1333 1381 1619 1665 1767 1817 1921 2106 2200 2216 2384 2448 2777 2901 3118 3275 3414 3550 3672 3746 3778 3932 3963 3989 4329 4533 4555 4698 4723 4780 4868 4875 4878 4896 4992 
219 374 1031 1328 1356 1694 1935 1957 2000 2039 2611 2619 2640 2815 2871 2921 3090 3242 3364 3680 3697 3880 4029 4113 4138 4270 4347 4750 4806 
44 93 1132 1135 1362 1465 1502 3071 3404 3506 4419 4451 
206 314 692 732 782 828 1611 1766 2259 2320 2492 2668 3525 3915 3928 4106 4318 4582 4743 4754 4894 
654 656 1164 1290 1370 1430 1432 1474 1497 1713 2019 2434 2454 2568 2885 3154 3209 3411 3650 3737 3759 4555 4623 4734 
197 870 890 1415 1547 1898 2134 2378 2455 2659 2715 2725 2964 3091 3229 3637 3653 3670 3692 3718 3722 3762 4936 
145 352 417 512 702 734 923 1344 2651 2826 3866 4899 
607 627 1415 1534 1748 1792 2301 2348 2700 2714 2720 2820 4525 4680 4683 4692 
529 682 870 1338 1453 1505 1843 1877 1970 2175 2445 2553 2807 2857 3002 3231 3562 3662 3825 3827 4117 4487 4773 4976 
12 254 420 495 1138 1176 1253 1257 1468 1618 1807 1876 2073 2360 2373 2422 2461 2593 2643 2721 2864 2898 3050 3556 3595 3759 3850 4109 4151 4260 4285 4325 4388 4460 4489 4515 4554 4584 4761 4888 
25 268 710 826 1011 1076 1527 1971 2062 2137 2265 2303 3266 3703 4260 4563 4781 4906 4951 
369 1217 1259 1445 1839 1897 2083 2234 2939 3012 3220 3285 3410 3430 3558 3696 3846 3855 3877 3893 3988 4068 4182 4372 4654 4831 4964 
169 1075 1284 1471 1615 1690 1838 2089 2181 2581 2585 2639 2903 2958 2993 3013 3244 3323 3509 3591 3809 3881 3891 4089 4097 4413 4456 4677 4687 4779 4813 
428 664 751 800 840 1293 1423 1553 1566 1829 2205 2215 2237 2416 2474 2832 2872 2877 2976 2978 3017 3100 3119 3132 3360 3451 3668 3878 3921 3925 4277 4437 4476 4553 4597 4603 4730 4777 4792 4809 4863 4940 4948 4983 
10 146 182 341 449 575 591 716 747 1169 1342 1438 1535 1894 2166 2331 2375 3083 3105 3294 3422 3431 3542 3609 3756 3765 3783 4037 4108 4116 4269 4276 4392 4528 4579 4594 4619 4672 4699 4705 4783 4788 4791 4818 4898 4973 
523 886 1192 1383 1485 1651 2115 3124 3246 3926 4248 4756 
455 550 589 606 1191 1601 1765 1772 2030 2556 3142 3305 4395 
8 58 62 298 392 786 805 831 858 1389 1754 2013 2426 2431 2534 2596 2782 3325 3409 3553 3635 3645 3747 3856 3974 4178 4288 4799 4819 
64 1001 1181 1238 1366 1393 1473 2044 2105 2171 2277 2296 2678 2760 2784 2789 2961 2996 3660 3724 4008 4091 4264 4653 4717 4795 
325 728 1908 2016 2298 2319 2352 2690 2948 3029 3066 3230 3459 3760 3883 3977 4013 4123 4212 4243 4259 4276 4320 4345 4369 4445 4604 4694 4721 4743 4777 4943 
586 679 1407 1562 1721 2033 2383 2450 2650 2657 3496 3838 3843 4701 4831 
466 473 1110 1179 1512 1522 1710 2464 2860 2952 3034 3067 3076 3136 3450 3849 3853 4200 4223 4244 
240 592 614 741 1016 1097 1446 1982 2480 2620 3137 3799 3936 3965 4967 
4 63 126 497 536 1373 1381 2065 2085 3824 
192 253 684 955 1219 1326 1536 1739 1835 2212 2918 2961 3232 3704 
83 105 275 430 558 798 892 2748 3948 4388 4668 
627 1213 1703 1824 1871 1972 1990 2025 2354 2747 2755 2819 3234 3502 4273 4390 
155 280 292 894 945 967 1757 1833 2033 2284 2433 2669 4216 4570 4594 4682 4767 4944 
97 458 531 1565 2454 2769 2799 4296 4630 4769 
65 233 282 474 539 981 1870 3007 3417 3538 
460 1063 1133 1679 2167 2309 2313 2497 3121 3217 3343 3535 3795 3842 4080 4248 4380 4939 4950 
67 569 1557 1819 1917 1968 2001 2386 2525 2603 2773 2841 2892 3250 3317 3454 3498 3540 3774 3775 3892 3896 3911 3961 4026 4077 4148 4259 4447 4661 4837 4911 
139 299 336 688 717 1058 1165 1410 1511 1647 1734 1804 1935 1998 3312 3345 3466 3493 3499 3738 3851 4024 4267 4391 4433 4568 4633 4811 4825 
316 787 934 1128 1200 1872 1974 2018 2380 2529 2564 2626 2651 2918 2973 3057 3224 3785 3967 4356 4730 
288 1128 1186 1514 1559 1750 1943 1962 2245 2263 2594 3036 3396 3421 3425 3446 4294 4338 4364 4934 4997 
331 619 1210 1255 1392 1472 1657 1728 1790 2134 2421 2995 3016 3139 3377 3508 3722 4023 4116 4294 4414 4684 4832 
217 231 301 770 1081 1108 1269 1300 1428 1488 1603 1723 1808 1885 1888 2041 2118 2224 2327 2354 2442 2525 2648 2736 2867 3296 3604 3852 3907 4065 4186 4249 4253 4351 4352 4727 4770 4838 
112 237 319 451 998 1143 1540 1703 1891 2272 4020 4073 4724 4790 4870 
113 136 675 925 1001 1206 1334 1374 1553 1718 2723 3483 3872 
16 353 555 613 719 813 1011 1536 1610 1657 2025 2060 2739 2846 3063 3439 3500 3595 3661 3721 3763 3847 3856 3910 4133 4363 4432 4448 4466 4473 4715 4746 
23 70 84 244 415 999 1455 3125 3290 3356 
164 187 397 478 526 780 960 976 1405 1613 1799 1911 2428 2616 2791 2863 2974 3005 3021 3058 3201 3280 3378 3545 3630 3699 3774 3803 3918 4021 4053 4144 4349 4503 4647 4945 
208 266 749 767 928 1125 1174 1286 2174 3607 4452 4703 
696 1279 1570 1708 1801 2092 2428 2481 2582 2785 2967 3520 4646 4741 4921 
634 766 1053 1068 1069 1121 1222 1355 1386 1859 2040 2204 2261 2493 2620 2698 2797 2864 3035 3095 3249 3298 3302 3464 3488 3597 3621 3773 3786 3889 3931 4022 4038 4094 4114 4130 4247 4523 4572 4642 4999 
41 241 633 1579 1626 1893 2514 2653 2751 2781 2881 3035 3193 3391 3454 3531 3683 3863 4308 4315 4474 4561 4577 4648 
278 524 553 1314 1412 1453 1526 1754 1922 1987 2024 2121 2439 2548 2571 3316 3443 3679 3882 4744 
50 414 605 906 915 1305 1378 1425 1583 2096 2142 2198 2465 2541 2628 2870 2886 3041 3101 3113 3428 3641 3715 3788 3845 4109 4136 4247 4263 4275 4325 4400 4403 4418 4486 4609 4719 4765 4780 4879 
221 452 690 729 963 1669 1686 2077 2497 4085 4886 
50 82 768 776 939 1112 1614 2036 2135 2727 2940 3049 3349 4422 
380 720 738 929 1318 1333 1364 1434 1454 1588 1637 1755 1782 1879 1958 2173 2244 2469 2632 2646 3078 3179 3191 3195 3215 3218 3366 3452 3567 3606 3753 3765 4011 4069 4079 4122 4176 4187 4350 4422 4490 4559 4595 4713 4794 4890 
103 596 1183 1225 1339 1751 1762 2257 2370 2436 2572 2646 2925 3047 3074 3371 3504 3618 3751 3830 4032 4106 4193 4209 4300 4435 4796 4814 4970 
85 1090 1246 1410 1592 1643 1707 1745 1827 1951 1957 1993 2502 2655 2966 3037 3180 3278 3357 3593 3660 3912 4099 4170 4265 4297 4300 4681 4924 
95 510 552 1194 1205 1229 1391 2004 2301 2359 3077 3553 4284 4535 
46 313 595 754 819 847 948 1002 1003 1317 1472 1599 1619 2072 2873 2922 3455 3596 3691 3892 3895 4143 4517 4538 4618 4671 
299 310 364 543 631 677 804 1271 1678 1979 2008 2338 2636 2732 2753 2876 2915 2932 3072 3501 3563 3694 3920 4002 4033 4098 4205 4278 4329 4405 4604 4914 4935 
869 1056 1086 1213 1387 1644 1851 2386 2432 2702 3129 3901 4322 
91 121 125 185 212 376 507 1820 2091 2157 
59 190 311 357 417 638 776 944 1456 1462 1578 1822 1955 2334 2389 2644 2664 2731 2842 3065 3155 3301 3314 3323 3334 3511 3527 3594 3733 4166 4216 4224 4237 4311 4355 4441 4531 4566 4670 4722 4932 4950 
31 949 1480 1503 1636 2010 2032 2129 2241 2262 2350 2905 3195 3615 4513 
30 69 345 833 1036 1040 1311 1403 1782 1787 1856 2110 2310 2320 2472 2674 2853 2984 3210 3406 3501 3544 3566 3604 3938 4183 4245 4283 4400 4517 4581 4608 4629 4707 4787 4907 4938 4944 
79 286 306 814 868 1034 1062 1411 1449 1794 2116 2528 3073 3464 4474 
36 150 247 941 1494 1545 1649 2358 2507 2744 2774 4530 4717 
318 343 667 954 1482 1945 2065 2463 2962 3032 3436 3972 4312 
26 175 184 504 875 879 1300 2071 3755 3996 4042 
122 303 496 630 1022 1049 1144 1154 1215 1298 1877 2013 2433 2563 2592 2622 2735 2822 2955 3087 3329 3395 3413 3414 3489 3534 3613 3650 3707 3937 3970 4074 4139 4232 4399 4439 4453 4507 4610 4623 4721 4739 4821 4925 
57 359 570 645 860 973 987 1323 1452 1580 1604 1748 2005 2074 2194 2251 2306 2322 2483 2635 2945 3109 3159 3257 3476 3503 3812 3859 3888 3936 3963 4031 4135 4152 4155 4177 4201 4324 4478 4569 4612 4673 4679 4816 4820 4823 4827 4857 4981 
72 351 514 605 625 739 959 1004 1092 1093 1495 1656 1942 2435 2597 2754 2979 3082 3191 3236 3465 3488 3518 4057 4240 4439 4482 4953 
479 512 572 583 934 1152 1293 1359 1397 1543 1775 1811 1929 2107 2124 2288 2436 2440 2521 2547 2590 2703 2741 2828 2838 2909 2913 2927 3349 3404 3566 3688 3723 3786 4110 4139 4443 4518 4529 4573 4578 4665 4671 4805 4819 4883 4931 4990 
129 295 659 820 1137 1193 1278 1837 1944 2069 2080 2277 2371 2514 2689 2797 2844 2932 3060 3388 4203 4654 4872 
101 393 529 681 1142 1186 1406 1532 1544 1627 1740 1763 1778 1940 2351 2599 2609 2625 2768 2810 3312 3502 3593 3719 3724 3756 3822 3859 3940 4022 4340 4390 4866 4916 4979 
272 327 350 385 410 511 639 848 1086 1127 1185 1211 1353 1385 1590 1863 2125 2152 2289 2342 2369 2767 2907 2992 3031 3250 3400 3500 3572 3995 4051 4298 4347 4376 4412 4424 4452 4477 4618 4622 4637 4649 4884 4891 4928 4942 4962 
160 189 441 488 582 731 801 3006 4152 4168 4361 
205 340 533 665 746 1157 1524 1854 3086 3125 3702 3839 3990 
599 760 980 1018 1576 1640 1733 1842 1997 2091 2318 2391 2678 4987 
81 186 574 675 698 701 713 1605 1612 1635 1662 1687 1823 2278 2555 2906 2920 2994 3001 3060 3120 3592 3603 3808 3837 3933 4320 4470 4810 4817 4835 4913 
158 462 580 1296 1348 2061 2182 2300 2356 2577 2619 3003 3272 3418 3437 3442 3535 3603 3807 4682 4998 
61 100 357 563 671 871 1006 1515 1693 1774 1906 2838 4062 
194 308 621 659 697 1044 1076 1292 1660 1869 2119 2491 2795 2804 3011 3025 3135 3141 3330 3449 3490 3519 4290 
1096 1152 1167 1199 1234 1340 1569 2032 2064 2200 2374 2387 2640 2691 2775 2900 3233 3251 3270 3336 3387 3435 3516 3581 3850 3935 4008 4115 4141 4409 4502 4656 4945 
746 778 1032 1357 1516 1676 1828 2037 2168 2660 2902 2954 3517 3758 3999 4480 4817 
47 640 712 1353 1420 1543 1573 1761 1928 2280 2304 2567 2896 3632 3704 4611 
7 159 188 246 256 409 413 475 970 3510 
76 95 127 565 620 1243 1283 1788 2020 2098 2252 2418 2498 2573 2712 2772 2916 2938 2965 2982 3112 3165 3685 3690 3869 3879 3946 4188 4224 4246 4394 4580 4689 4784 4838 4845 4919 4987 
806 1373 1668 1804 1846 2318 2631 2690 2738 2931 2989 3194 3475 3582 3682 3745 3836 4142 4190 4321 4427 4692 4733 
218 632 637 1158 1220 1252 1304 1327 1530 1586 2053 2485 2785 3307 3824 4058 4455 
352 647 658 991 993 1013 1563 2043 2673 2771 2849 3085 3164 3279 3308 3342 3655 4005 4469 4923 
167 427 789 1148 1190 1462 1583 1966 2107 2196 2264 2276 2430 2439 2511 2671 2893 3032 3188 3463 3734 3752 4001 4003 4102 4266 4339 4402 4484 4526 4611 4641 4655 4657 4701 4757 4764 4778 4822 4853 4874 4970 4984 
120 162 284 722 974 1273 1585 1652 1870 1919 2012 2046 2256 2486 2557 2565 2814 3026 3183 3304 3505 3639 3897 4049 4150 4189 4271 4343 4602 4951 
274 356 1057 1382 1512 1874 1917 2102 2201 2458 2481 2858 3053 3124 3143 3201 3886 4020 4162 4203 4486 4653 4905 4954 
186 394 448 628 2088 2230 2308 2333 2407 2435 2745 2798 3168 3449 3649 4149 
1013 1083 1250 1806 1902 2117 2221 2453 2776 2898 3018 3305 3583 3606 3675 3684 3717 3751 3781 3986 4095 4107 4137 4207 4545 4646 4683 4734 4857 
18 201 1095 1330 1431 1436 1670 1724 1784 2291 2738 3023 3184 3810 3836 3906 4005 4401 4433 4557 
25 243 560 708 969 1000 1180 1207 1360 1476 1712 1746 2012 2055 2365 2508 2682 2694 2930 3229 3259 3473 3477 3499 3612 3617 3793 3907 3955 4284 4393 4444 4716 4846 4919 
407 477 1066 1744 1960 2343 2452 2504 3013 3716 4154 4718 4892 
245 496 572 803 853 911 917 1209 1294 1297 1539 1656 1684 1689 1737 1795 1882 1975 2156 2223 2254 2288 2298 2423 2483 2488 2588 2863 3005 3084 3190 3269 3412 3419 3599 3728 3749 3785 3826 3835 4126 4241 4346 4368 4631 4633 4678 4834 
14 156 649 676 704 915 1038 1094 1350 1428 1452 1558 1682 1992 2132 2170 2341 2451 2685 2747 2911 2986 3068 3252 3365 3380 3433 3514 3558 3623 3808 3920 4252 4341 4461 4516 4574 4583 4635 4667 4690 4718 4726 4735 4997 
537 956 1168 1313 1399 1400 1651 1842 1924 2457 2670 2764 2925 2943 2985 3468 3588 
170 203 214 901 1254 1280 1585 1776 1881 2392 2403 2495 2761 2824 2928 3094 3300 4321 4626 
198 493 912 982 1114 1574 1615 1762 1846 2812 4164 
329 337 374 384 388 449 608 698 857 1016 1031 1349 1554 1654 1731 2247 2262 2312 2355 2720 2823 2914 2979 3123 3287 3319 3340 3517 3621 3644 3813 3942 4210 4566 4567 4890 
806 1258 1354 1624 1869 2011 2209 2267 2295 2324 2535 2589 2934 3059 3091 3237 3374 3378 3407 3486 3802 3950 3983 4072 4103 4110 4227 4464 4744 4904 4916 
110 733 810 1434 1550 2123 2187 2269 2346 3678 4023 4093 
24 108 235 398 468 564 898 919 1021 1600 1905 2665 4404 
56 80 149 202 336 371 543 573 642 673 761 947 962 1105 1161 1168 1521 1742 2240 2305 2321 2368 2884 3054 3177 3230 3469 3607 3973 3979 4067 4087 4274 4364 4368 4462 4513 4549 4550 4552 4613 4648 4763 4801 4853 4947 
215 450 920 951 1102 1175 1730 1978 2429 2544 2641 2956 3027 3306 3503 3649 3964 4681 
443 1171 1487 1769 1780 2186 2246 2315 2345 2422 2449 2462 2523 2788 3048 3162 3254 3259 3402 3709 3809 3860 3959 4000 4007 4039 4056 4281 4495 4662 4910 
264 378 1085 1302 1685 1984 2026 2398 2958 2998 3054 4142 4841 5000 
481 584 662 861 1015 1151 1184 1404 1509 1584 1749 1931 2179 2405 2883 
320 401 437 823 1053 1187 1311 1331 1357 1529 1592 1631 2057 2232 2263 2399 2451 2462 2499 2800 2951 3000 3039 3172 3206 3258 3276 3456 3720 3810 3821 4196 4215 4342 4558 4666 4691 4703 4917 4937 5000 
80 137 469 943 1118 1260 1408 1409 1475 1770 1888 2056 2396 2713 2869 2875 3117 3142 3184 3247 3353 3952 3985 4043 4647 4745 
51 734 1010 1029 1030 1036 1435 1597 1639 1747 2169 2406 2468 2813 3949 4904 4913 4995 
330 368 856 1356 1375 1489 1791 2129 2305 2378 2459 2545 2807 2857 2861 3324 3510 3539 3739 3875 4562 4588 4672 4858 
106 239 456 646 843 903 942 1035 1166 1390 1413 1700 1899 2074 2520 2630 2917 3253 3654 4014 
11 320 344 419 463 488 562 694 880 947 970 1065 1345 1821 1996 2164 2227 3045 3140 3264 3338 3436 3478 3674 3927 4014 4041 4090 4219 4264 4312 4327 4330 4358 4496 4501 4574 4635 4736 4752 4803 4804 4858 
486 514 620 1014 1562 1613 1624 1625 1674 2020 2358 2390 2496 2537 2556 2593 2696 2725 2815 2913 2955 2982 3155 3713 4093 4175 4195 4289 4331 4340 4483 4674 4728 4784 4809 4922 4927 4988 
43 152 172 566 1160 1443 1593 1596 1837 2146 2157 2249 2856 3341 4004 4344 4746 
38 53 131 140 151 196 317 482 508 1878 
232 471 1009 1188 1308 1419 2491 2588 2729 2759 2833 2939 3146 3271 3619 3634 3944 4404 4406 4454 4813 4850 
78 99 128 157 214 259 304 362 551 936 1190 1218 1275 1534 1542 1606 1655 1680 1857 2095 2154 2162 2321 2410 2503 2522 2530 2602 2700 2866 2936 3294 3338 3434 3511 3590 3658 4058 4263 4419 4423 4545 4547 4664 4678 4860 4882 4938 
179 519 650 1442 1518 1544 1586 1706 2269 2798 3881 4187 4661 
797 946 1082 1812 1904 2100 2231 2323 2340 2632 3069 3277 3298 3548 4103 4115 4314 4909 4933 4996 
86 1028 1084 1416 1735 1763 1895 2150 2163 2204 2219 2248 2398 2418 2855 3382 3509 3735 3973 4636 4663 4801 
176 261 312 498 990 1987 2322 2519 2644 4673 
162 191 395 641 709 755 774 1099 1189 1582 1612 1799 2217 3152 3321 3636 3665 3726 4308 4953 4975 
293 445 918 1141 1233 1265 1303 1309 1682 1968 2645 2998 
645 994 1418 1577 1722 1778 1874 2022 2684 2804 2808 3010 3402 3784 4089 4258 
288 448 634 910 1153 1310 1632 1933 1967 1998 2076 2082 2086 2144 2148 2239 2406 2710 2735 3007 3529 3736 3816 3876 3885 3887 3987 4218 4326 4333 4425 4446 4624 
48 724 832 1406 1427 1531 1572 2079 2203 2207 2437 2495 3275 3339 3507 3601 3890 3957 4393 4561 4562 4680 4789 4891 
652 816 1230 1449 1587 1595 1620 1662 1702 1820 1829 1934 2266 2585 2710 2730 3225 3513 3987 4487 4596 4729 4731 4914 
123 257 287 594 902 1042 1072 1231 1257 1380 1403 1552 1608 1732 1975 2077 2115 2159 2368 2482 2512 2574 2789 2854 2877 2945 3384 3526 3577 3592 3678 3778 3807 4017 4099 4128 4190 4246 4250 4414 4449 4469 4497 4684 4737 4856 4894 4930 4961 4974 
143 316 405 795 1291 1295 1322 1571 1849 2260 2604 2801 2843 3042 3043 3307 3569 4523 4799 
283 818 835 1048 1163 1314 1588 2023 3200 3215 3453 3931 3944 4988 
1178 1249 1371 1970 2059 2332 2400 2656 2905 3170 3578 3710 3758 3839 3893 4231 4371 4407 4739 
136 321 899 1552 1641 2007 2140 2195 2350 2357 2395 2562 2794 3019 3046 3089 3303 3417 3472 3508 3655 3677 3711 3867 4167 4286 4375 4448 4456 4458 4525 
154 481 534 569 594 626 815 822 921 978 1051 1290 1561 1719 1865 1976 1980 2376 2638 2779 2894 2937 2948 3240 3283 3382 3530 3561 3676 3755 3811 4191 4211 4279 4436 4515 4629 4758 4802 4920 
197 327 410 613 952 989 1035 1045 1064 1075 1321 1689 1696 2049 2225 2244 2369 2787 2929 2944 2972 2999 3166 3204 3286 3408 3560 3568 3712 3866 3956 3991 4104 4220 4226 4373 4377 4491 4511 4659 4714 4762 4782 4876 4887 4939 4968 
648 971 1014 1047 1320 1847 2328 2470 2606 2840 2899 3104 3231 3494 4041 4482 4733 
104 653 1533 1876 1879 1937 1969 2147 2299 2427 2612 2703 2704 2724 3028 3049 4565 
9 77 171 181 763 882 2174 3181 3795 3802 4123 4624 4990 
563 759 765 1445 1744 1771 2021 2273 2325 2326 2348 2489 2655 2681 2830 2848 3222 3256 3478 3748 3884 3909 4063 4127 4179 4199 4337 4353 4597 4605 4859 
75 172 296 752 1173 1202 1270 1349 1558 1755 1813 2028 2316 2717 2812 2977 3255 3360 3371 3393 3403 3679 3754 3965 3980 3989 3997 4075 4178 4282 4303 4378 4443 4556 4585 4625 4697 4700 4704 4729 4742 4906 
576 707 897 1189 1546 1965 2063 2067 2087 2125 2165 2274 2516 2988 3052 3086 3369 3479 3665 4092 4147 
484 520 534 609 793 884 898 1037 1061 2441 2560 2590 2792 3024 3207 3284 3427 3458 3586 4006 4013 4092 4197 4296 4307 4328 4435 4457 4871 4975 4976 
33 294 511 758 1194 1384 1447 1469 1634 1674 3654 4096 4969 
396 1267 1496 1783 1896 2104 2509 2633 2699 2796 2805 3080 3151 3333 3659 3713 4086 4833 
362 769 931 1616 1910 2123 2189 2221 2352 2425 2448 2613 2737 2809 3075 3129 3144 3190 3549 3564 3962 4095 4125 4174 4233 4237 4356 4372 4410 4519 4551 4825 4918 4921 
27 291 324 412 440 554 1012 1107 1890 3784 4658 
252 542 1288 1477 1605 1697 1844 1916 1950 2471 2595 2672 2756 2788 4524 4837 
20 269 367 424 629 735 1098 1170 2198 4191 4779 
71 418 431 522 546 602 727 764 1088 1119 1277 1684 1983 2347 2686 2692 2862 2908 2935 2971 3171 3320 3322 3585 3653 3714 3793 3844 4003 4010 4071 4081 4124 4323 4415 4429 4508 4509 4560 4675 4696 4752 4767 4768 4851 4892 4897 
5 147 302 347 489 528 624 850 2741 3815 4716 
535 551 985 1337 1458 1461 1465 2478 2723 2742 2745 2761 2997 3061 3673 3745 3747 3908 4132 4150 4381 4538 4634 
132 141 812 914 962 1340 1564 1753 1900 2533 2558 2783 2970 3273 3573 3882 4059 4464 4642 4862 4929 
260 397 555 593 693 1278 1396 1676 1883 1923 2051 2058 2601 3088 3148 3157 3175 3221 3244 3278 3289 3484 3519 3557 3580 3638 3640 3642 3643 3697 3929 3943 3977 3990 4111 4229 4336 4366 4384 4471 4520 4587 4636 4645 4798 4844 4959 4982 
388 902 984 1073 1461 1538 1655 1664 1848 1872 1989 2078 2227 2507 2711 2879 2960 2975 3116 3185 3242 3326 3401 3552 3647 3658 3723 4009 4129 4140 4702 4896 4948 
3 342 372 549 829 894 1511 1572 1699 1725 1887 1932 2250 2391 2597 2621 2780 2940 3017 3161 3222 3291 3320 3365 3398 3451 3616 3664 3699 3764 3975 4221 4505 4548 4553 4643 4795 4807 4873 4880 4881 4901 4933 4966 
461 663 711 742 762 1335 1440 1519 1862 1897 1985 2161 4712 
545 649 747 802 1159 1261 1498 1686 1921 2103 2592 2598 2674 2693 2926 3056 3235 3282 3354 3457 3548 3761 3768 3939 3964 4096 4119 4208 4313 4470 4512 4760 4877 4903 4909 
133 250 297 718 773 864 893 1117 1467 1727 1993 2865 
134 211 559 706 848 1289 1365 1729 2059 2080 2192 2375 2414 2473 2912 2990 3099 3114 3182 3611 3646 4455 4565 
419 433 597 932 952 1507 1909 2326 2550 2596 2726 2953 3198 3355 3420 3533 3536 3903 3930 4221 4305 4334 4688 4711 4842 
107 165 183 195 234 623 661 1566 2000 2883 4829 
494 501 721 730 1025 1944 1952 2122 2220 2252 2677 2799 2847 3453 3528 3648 3662 3874 3898 3958 3960 4012 4060 4061 4198 4249 4306 4860 4917 
300 541 622 908 1003 1149 1351 1661 1698 1858 1866 1988 2034 2172 2220 2311 2445 2652 2666 2904 3110 3426 3612 3760 3916 3971 3981 4076 4154 4359 4371 4375 4493 4601 4651 4748 4870 4923 4949 4979 4980 
300 500 1623 1672 1826 1953 1986 2235 2292 2370 2659 2667 2740 2824 2836 2888 4498 
193 298 382 635 866 906 993 1104 1433 1836 2207 2444 2488 2510 2519 2778 2814 2949 3115 3156 3512 3622 3652 3885 3923 4230 4576 4607 4754 
476 1091 1146 1161 1263 1594 1666 1696 2035 2105 2325 2629 2742 2763 3010 3176 3384 3750 3958 4046 4200 4318 4447 4590 4694 
62 94 281 450 968 1061 1198 1336 1389 1506 1617 1704 1892 1915 1916 2351 2559 2591 2605 2705 2816 2891 3030 3438 3589 3656 3767 3858 3917 4007 4012 4080 4206 4232 4235 4463 4588 4605 4687 4759 4839 4886 4895 4954 4959 
15 37 346 473 673 1092 1995 2121 2243 2283 2452 2538 2618 2671 2695 2930 2944 3169 3193 3317 3358 3367 3392 3600 3663 3686 3772 3854 3860 4083 4134 4192 4211 4341 4431 4498 4755 4946 4980 
381 429 570 595 1126 1214 1242 1930 1963 2185 2248 2367 2607 2652 2942 3218 3297 3432 3742 3874 3983 3986 
333 1195 1332 1416 1486 2047 2084 2145 2153 2314 2579 2950 3243 3437 3492 3555 3830 4051 4086 4645 
148 210 771 1136 1274 1581 1622 1729 1878 2306 2409 2484 2702 3205 3292 3341 3702 4091 4223 4225 4401 4473 4705 
19 236 332 485 487 1618 1802 1884 2999 3496 
615 617 736 977 1216 1555 1556 1653 1942 2634 2716 3158 3166 3300 3356 3588 3696 3729 3853 4057 4132 
719 775 1072 1106 1110 1207 1861 2371 2531 2672 2708 2983 3106 3227 3771 4134 4444 4644 4753 4865 4955 
17 173 587 626 685 726 1027 1029 2551 2744 3274 
29 102 521 540 887 1159 1306 1312 1567 1787 1918 2029 2070 2128 2151 2166 2285 2294 2866 3126 3173 3335 3352 3578 3651 3741 3744 3947 4280 4319 4413 4563 4769 4871 4910 
34 207 809 839 1052 1798 2120 2160 2457 2565 3574 3664 3729 4074 4169 4663 
600 876 1236 1306 1367 1736 2180 2191 2258 2701 2728 3040 3372 3405 3610 3705 3743 3894 4145 4458 4479 4711 4972 
361 517 1059 1268 1401 1484 2045 2131 2149 2158 2642 2915 3632 3732 3800 3848 3862 4217 4225 4506 4510 4560 4631 4885 4949 
72 178 265 389 411 618 889 966 1155 2085 2952 
315 408 443 532 670 846 913 1116 1173 1841 2127 2238 2517 2546 2645 2648 2653 2687 2731 2846 2850 2891 2978 2997 3070 3163 3375 3445 3460 3465 3539 3587 4105 4238 4286 4397 4598 4621 4747 4994 
532 1197 1574 1598 1713 1742 1781 1864 2158 2183 2208 2551 2827 3130 3228 3239 3988 4426 4546 4992 
263 335 557 753 883 1312 1551 1560 1868 2197 2214 2309 2526 3038 3064 3264 3461 3543 4480 4616 
98 354 561 568 590 1931 2833 2837 3030 3468 
723 1269 1508 1602 1658 1663 1709 2396 3071 3130 3565 3572 3628 4244 
32 47 60 610 643 732 828 972 1224 1248 1549 1681 1695 2254 2276 2281 2313 2532 2617 2624 3097 3309 3318 3767 3770 3777 3779 3897 3966 4044 4059 4160 4173 4220 4527 4532 4615 
309 589 750 975 1104 1180 1182 1203 1256 1493 1850 1981 2749 2834 3006 3504 3541 3689 3779 3787 3806 3861 3864 3934 4030 4157 4234 4386 4445 4492 4544 4640 4676 4789 4812 4882 4929 
66 200 365 937 1041 1122 1363 2060 2559 2803 3979 4457 
39 55 329 800 837 964 1020 1256 1343 2175 2201 2205 2289 2291 2412 2424 2443 2475 2543 2610 2800 2844 2991 3014 3087 3177 3614 3791 3840 4130 4186 4202 4222 4542 4543 4628 4658 4706 4855 4889 4893 4969 
271 779 874 881 1074 1630 1650 2456 2923 3149 3163 4231 4805 
118 520 788 916 1024 1101 1111 1196 1805 2097 2411 2460 2544 2675 2774 2879 2897 2975 2989 3000 3138 3160 3288 3327 3474 3700 3831 3868 4019 4035 4119 4314 4535 
809 817 830 922 940 1247 1318 1726 1738 1756 1830 3842 4090 4227 4591 4978 
144 216 270 379 416 435 470 2554 3937 4587 
180 290 439 459 530 547 2094 2643 3526 4204 
382 743 891 1741 2447 2500 2680 2736 2757 2959 3186 3310 3559 3584 3731 3846 4360 4528 4530 4577 4960 
229 491 578 757 767 781 808 1695 1926 2331 2395 3498 4381 
328 348 603 837 1224 1240 1347 1459 1466 1495 1692 1903 1920 2161 2195 2388 2548 2750 2756 2758 3137 3168 3197 3263 3268 3313 3448 3515 3579 3630 3832 3945 4253 4365 4380 4441 4499 4501 4579 4583 4669 4695 4793 4836 4840 4861 4932 4963 
122 368 385 386 447 1054 1127 1232 1307 1504 1598 1623 1633 1667 2009 2089 2149 2154 2287 2349 2831 2842 3223 3347 3362 3471 3581 3598 3605 3734 3789 3805 3831 3857 3956 4159 4306 4417 4440 4449 4638 4639 4650 4869 4879 4885 4900 4926 4941 4985 
59 232 402 588 678 821 926 961 986 1376 1395 1448 1541 1548 1671 1964 2303 2420 2818 2825 2882 2889 3141 3200 3202 3219 3258 3361 3385 3415 3481 3521 3727 3766 3770 3771 3840 3919 3951 3994 4112 4131 4353 4417 4434 4485 4593 4905 4908 4940 
42 87 294 604 1129 1517 1611 1981 1996 2206 2284 2339 2397 2873 3980 4807 
406 657 845 877 1235 1483 1768 1907 2068 2338 2543 3426 3954 
73 88 110 432 601 785 930 961 1177 1479 1802 2324 2786 3026 3183 3351 3482 3487 3570 3631 3902 3922 3968 4180 4361 4396 4524 4612 4907 4911 
6 223 740 807 1120 1227 2023 2539 2647 2802 2957 2980 3637 4001 4262 4337 4895 
22 116 852 855 1299 1361 1376 1525 1629 2003 2190 2353 4226 4708 
386 721 844 1043 1134 1675 1890 2242 2329 2381 2385 2743 2825 2937 3111 3145 3346 3527 3565 3575 3620 3733 3828 3924 3978 4027 4068 4291 4299 4389 4488 4586 4620 4712 4722 4736 4756 4824 4972 4986 
668 859 1323 1777 1947 2218 2222 2426 2561 2573 2658 2880 3022 3077 3109 3359 3367 3668 3725 3899 4118 4271 4302 4521 4728 4785 4965 
349 548 616 636 680 838 900 975 1214 1330 1398 1528 1907 2130 2212 2343 2374 2566 2580 2612 2662 2765 2808 3117 3134 3395 3416 3424 3551 3663 3669 3819 3984 4078 4172 4213 4398 4514 4539 4564 4591 4738 4776 4808 4815 4848 4864 4927 4983 4989 
399 505 509 544 653 766 878 1046 1457 2282 4720 4937 
161 168 606 612 756 1282 1394 1455 1520 1679 1705 1760 1825 2211 2241 2662 2685 2770 3092 3133 3158 3216 3295 3389 3416 3524 3628 3667 3706 3794 3890 4047 4100 4121 4176 4256 4348 4392 4421 4425 4451 4539 4541 4557 4589 4607 4732 4738 4797 4849 
45 177 190 552 714 785 825 1377 1386 1437 1938 2116 2159 2213 2442 2480 2498 2505 2642 3174 3185 3340 3397 3447 3545 3657 3792 3804 4066 4085 4171 4304 4761 4915 
115 454 674 863 2031 2042 2199 2281 2361 2443 2649 2894 2946 3245 3322 3373 3381 3541 3829 3834 4305 4328 4442 4582 4863 4924 
103 109 153 425 655 744 1460 1513 1720 1814 2400 2438 2542 2852 3167 3281 3299 4387 4693 
