209 402 831 1174 1196 1352 1526 2550 2940 3157 3781 
214 245 570 651 836 978 1061 1220 1249 1630 1660 1896 1990 2004 3084 3313 3601 3748 3762 3988 4225 4242 4524 4590 4611 4655 4680 4699 4859 4900 
165 234 400 754 951 1064 1099 1101 1654 2214 3099 3263 3329 4136 4443 4569 4805 
214 463 488 1160 1364 1567 1680 1960 1966 2356 2428 2465 2548 2570 2664 2848 2866 2952 3180 3421 3506 3512 4160 4313 4351 
250 778 1240 1311 1336 1801 2132 2714 2716 2956 2997 3453 3575 3707 4716 4836 4961 
272 359 568 628 859 919 1079 1298 1358 1474 1833 2026 2125 2416 2520 2543 2656 2682 2726 2766 3123 3343 3540 3574 3589 3799 4095 4236 4751 
153 1007 1349 1371 1540 1570 1899 2158 2516 2583 2724 2852 2954 3017 3509 3789 3924 4849 
23 1095 1598 2553 2577 3251 3707 3919 4360 4489 4719 4918 
30 253 440 476 637 788 1053 1248 1317 1368 1672 2572 2601 2776 3062 3258 3318 3335 3370 3454 3657 3759 3928 4053 4061 4067 4492 4600 4686 4838 
354 633 641 920 954 1365 1920 2185 2571 2584 2702 3139 3444 3618 
196 309 311 526 624 656 1177 1274 1488 1762 2056 2141 2305 2562 3115 3216 3228 3269 3339 3887 4000 4257 4288 4292 4348 4517 4522 4665 4720 4745 4836 4874 4907 
49 70 330 472 684 687 701 784 922 1041 1211 1409 1459 1539 1615 1648 2151 2212 2255 2317 2534 2838 2868 2869 2988 3074 3208 3368 3380 3579 3847 4077 4086 4246 4319 4528 4732 4870 4995 
224 581 870 1260 1304 2083 2104 2415 2464 2666 2782 2948 3411 3763 3991 4046 4443 4511 
78 306 489 533 632 868 946 1141 1264 1269 1403 1616 1951 1952 2486 2818 2858 3151 3636 3824 3981 4129 4459 4780 4787 4904 
114 422 555 734 1382 1533 2541 3735 4154 4380 4421 4565 4717 4794 
409 598 691 703 1500 1643 1709 2198 2497 3203 3530 4039 4255 4439 4804 4936 
89 542 615 976 1064 1139 1347 1424 1481 1947 2014 2264 2378 2408 2519 2557 2615 2867 2960 2979 3071 3343 3376 3823 3901 3983 4118 4195 4335 4391 4402 4457 4596 4615 4955 4988 4989 
202 888 1118 1563 3089 4022 4054 4121 4164 4231 4343 4727 4914 
227 260 470 1906 2145 2404 2450 2753 3604 3708 3849 4036 4304 4406 4809 
358 380 787 1035 1067 1155 1292 1423 1452 1478 1583 1657 1871 2137 2163 2357 2446 2646 2720 2801 3196 3344 3455 3561 3562 3922 3990 4100 4271 4319 4824 
49 680 875 892 942 957 989 1209 1247 1503 1612 1944 2010 2257 2382 2391 2506 2565 2644 2786 2831 3219 3288 3305 3313 3672 3674 3841 4047 4198 4202 4487 
530 622 765 1132 1473 1786 1889 2207 2319 2453 2523 2549 2720 2967 3111 3273 3663 3798 4800 
95 686 1223 1281 1373 1505 1818 1867 1909 1965 2529 2640 3003 3640 3880 4129 4240 4308 4559 
332 379 454 1314 1391 1790 2020 2279 2710 2751 2955 3028 3124 3272 3309 3428 3687 4017 4139 4889 
67 81 118 447 755 900 1039 1234 1536 1546 1553 1588 1626 1726 1755 1770 1787 1835 2057 2065 2860 3016 3079 3219 3485 3573 3870 4037 4181 4450 4483 4484 4544 4587 4642 4701 
9 205 1095 1710 2225 2459 2576 3634 4049 4557 4978 
830 863 915 1037 1072 1270 1286 1469 1472 1824 2011 2069 3076 3719 3771 4145 4645 4670 4817 4827 
296 494 503 630 746 906 1291 1312 1468 1792 1971 2004 2023 2120 2263 2694 2825 2949 3325 3557 3602 3623 3832 3883 3982 4118 4235 4252 4311 4324 4664 4679 4731 4799 
83 99 116 179 265 423 598 683 809 1517 1850 2456 2522 3146 3247 3338 3667 3812 4172 4449 4461 4546 4579 4588 4807 4858 4911 
90 232 489 700 958 1219 1870 1924 1967 2917 4048 4120 4138 4787 
21 39 40 281 395 445 639 990 1023 1529 1773 2295 2343 2448 2484 2519 2690 2719 2745 2764 2958 3031 3114 3279 3307 3419 3549 3556 3837 3886 4060 4209 4243 4246 4526 4553 4663 4901 
56 279 317 707 786 1019 1089 1407 1967 2131 2199 2426 3173 3433 3749 4570 4627 4751 
192 571 710 818 852 1237 1647 1759 2562 2599 3070 3403 3607 3798 3820 
163 450 502 1003 1062 1085 1380 1513 1712 1731 1849 2336 2556 3118 3218 3359 3581 3767 3850 3897 4065 4098 4444 4459 4484 4675 4715 4770 4946 4959 
248 258 263 321 425 456 457 976 1494 1540 1590 1604 1640 1688 1757 1887 2054 2061 2639 2657 2687 2700 2715 2950 3004 3239 3467 3564 3675 3682 3714 4038 4040 4428 4520 4866 4950 4954 
347 386 682 704 982 1020 1028 1043 1170 1226 1360 1373 1455 1585 1606 1618 1993 1997 2033 2038 2382 2642 2676 2812 3298 4300 4430 4438 4873 
6 83 97 143 566 579 621 636 1090 1152 1428 2037 2103 2851 3153 3346 4347 4640 4678 4693 4757 4776 4975 
246 270 387 719 731 749 994 1151 1531 1775 1886 2272 2669 2692 2711 2718 2805 2896 3106 3144 3275 3608 3625 3776 4605 
82 101 254 262 359 519 564 677 918 1063 1111 1138 1401 1474 1668 1800 1918 1987 2429 2488 3064 3100 3631 3709 3710 4029 4180 4286 4339 4349 4437 4555 4630 4759 4866 
851 872 1169 1322 1359 1647 2019 2312 2407 2748 3273 3384 3690 4799 4962 
293 625 870 894 904 1004 1682 1714 1933 2273 2354 2618 2648 3129 3309 3437 3489 3516 3585 3612 3665 3693 3765 3785 3834 4015 4097 4237 4462 4795 4806 4886 4941 
244 405 552 614 877 1222 1307 1506 1542 1600 3317 
987 1507 1725 3593 3762 4514 4662 
291 550 662 821 929 1010 1077 1180 1494 1572 1574 1594 2012 2237 2499 2889 3041 3047 3054 3097 3225 3404 3629 3695 4238 4393 
121 134 611 1087 1404 2385 3000 3393 4215 4575 4831 4893 4912 4978 
3 212 955 1252 1576 2580 2822 4082 4137 4269 4496 4642 4768 4819 
155 510 620 1250 1422 1659 2706 2796 3130 3730 3965 4343 4826 
574 735 848 1114 1350 1697 1741 1761 1855 2135 2345 2840 3149 3939 4490 4722 
303 839 1586 1768 2515 2522 2987 3181 3195 4111 4384 4780 
23 86 147 177 781 912 956 1102 1108 1314 1768 1828 2100 2134 2552 2722 3000 3265 3298 3938 3958 4073 4103 4148 4150 4210 4423 4533 
173 181 211 394 428 437 661 728 885 934 1040 1058 1071 1135 1168 1686 1690 1801 2113 2210 2515 2806 3426 3480 3793 3998 4691 
1411 1957 2659 3303 3377 3465 4121 4619 4746 
410 718 1065 1387 1771 2150 2248 2394 2593 2794 3001 3127 3212 3365 3567 3889 3959 3962 3985 4009 4050 4109 4248 4420 4547 4708 
33 309 310 343 1400 1661 1748 2086 2367 2654 2766 2974 3163 3236 3261 3494 3890 4008 4798 
1 387 784 852 857 1263 1658 1762 2079 2103 2575 4028 4133 4782 4792 4979 
53 107 179 269 320 368 617 1059 1228 1235 1243 1742 1897 2126 2643 2693 2759 2981 3173 3408 3518 3884 3907 4253 4405 4518 4697 4769 
61 97 143 1157 1327 1333 1394 1855 2262 3464 3505 4494 
203 392 593 1016 1120 1157 1295 1403 2224 2327 2338 2872 3176 3260 3710 4020 4143 4144 4153 4226 4315 4348 4705 
623 710 893 981 1267 1309 1440 1467 2060 2169 2215 2373 2567 2574 2578 2665 2668 3491 3660 3838 4424 4636 
86 186 417 497 500 1206 1363 2051 2427 2545 2696 2743 2985 3155 3478 3680 3874 3944 4172 4277 4603 
115 496 607 716 880 910 1055 1383 1927 2238 2324 2409 2600 2641 2803 3204 3381 3383 3651 4158 4268 4477 4672 4676 4684 4785 4878 4888 4980 
67 702 759 809 846 1107 1166 1705 1760 2085 2795 3250 3319 
288 1476 3427 3774 3935 3971 4239 4615 4658 4684 4739 
449 557 816 837 1634 1675 1806 1926 2058 2365 2577 2961 3553 3722 4748 4784 
137 168 618 634 758 799 884 931 1275 1434 1613 1735 1772 1819 1923 2081 2437 2531 2626 2650 2838 3214 3269 3611 3679 4350 4458 4620 4761 
240 375 834 1045 1302 1414 1703 1752 1907 2195 2210 4344 4366 
389 953 972 1025 1054 1116 1186 1497 1765 1789 1902 2352 2445 2479 2588 2989 3026 3423 3470 3658 3760 3998 4102 4157 4245 4287 4374 4390 4516 
1199 1408 1869 2062 2395 2854 3200 3698 3897 3898 4173 4624 4946 
715 732 907 923 944 1263 1398 1420 1502 1634 1744 1815 2056 2092 2535 2624 2635 2778 2836 2873 2890 2901 3029 3175 3460 4039 4474 4503 4689 
613 1169 2019 2312 2407 2748 3130 3384 3728 4449 4818 
631 666 1125 1141 1146 1210 1447 1537 1885 1915 2587 2742 2964 3319 3543 3752 4188 4387 
228 430 731 1117 1123 1341 1423 1823 2495 2510 2717 2728 3035 3794 3986 4065 4639 
129 221 390 423 442 493 597 911 1229 1482 1663 1764 1962 2413 2466 2767 2919 2986 3198 3355 3409 3632 3800 3902 4856 
216 458 663 829 1068 1255 1427 1812 1935 2401 2422 2712 3358 3418 3899 4194 4378 4426 4431 4725 4738 
585 768 938 1109 1396 1483 1755 1873 1992 2187 2419 2792 2968 3189 3234 3941 4187 4270 4451 4620 4682 4747 
130 225 261 1250 1438 1643 2559 2636 3101 3223 3390 3409 3879 4135 4535 4916 
322 345 443 474 608 775 1081 1098 1268 1608 1616 1711 1723 1746 1858 1983 2023 2039 2144 2231 2245 2351 2487 2592 2729 2739 2803 2816 2820 2930 3016 3087 3131 3271 3295 3372 3445 3489 3592 3622 3677 3866 3926 4206 4239 4424 4704 4840 4845 
151 170 601 669 1126 1215 1864 2089 2354 3107 3756 4018 4174 4681 
282 304 698 711 749 844 894 964 1412 1457 1521 1749 1780 2129 2167 2423 2469 2848 2870 2928 3022 3152 3406 3540 3551 3586 3634 3642 3676 3775 3893 3905 4075 4329 4334 4355 4372 4427 4493 4495 4508 4660 4790 4825 4854 4869 4893 4924 
106 415 456 509 595 663 723 739 741 864 948 1128 1426 1701 1797 2089 2114 2134 2199 2208 2384 2568 3024 3163 3202 3528 3571 3641 3661 3692 3822 3836 3845 3878 3908 4140 4277 4371 4574 4941 4974 4994 
169 226 275 324 338 845 990 1027 1053 1189 1193 1487 1617 1805 1979 1985 1991 2027 2200 2575 2856 3021 3099 3334 3664 3766 3821 3920 4113 4116 4213 4522 4545 4588 4608 4692 4757 4790 4797 4811 4822 4833 4913 
2130 2140 2876 3197 3920 4472 4896 4947 
144 223 245 335 651 685 1043 1088 1128 1249 2223 2292 2823 3102 3277 3646 3895 4352 4590 4680 
33 242 256 271 523 703 705 965 1374 2080 2171 2425 2802 2883 2974 3891 
127 350 610 612 811 876 878 917 935 1078 1099 1201 1395 1458 1562 1760 1783 1830 1918 2009 2280 2736 2774 2810 2859 2945 2998 3015 3164 3289 3300 3524 3595 3600 3725 3831 3952 4092 4263 4357 4731 4762 4944 4977 
98 464 670 721 855 874 1115 1198 1199 1522 1702 1782 1835 1836 2041 2075 2414 2686 2844 2953 3367 3448 3451 3694 3936 4274 4637 4689 4856 
76 187 188 275 314 315 384 466 545 562 600 665 697 709 949 1031 1154 1172 1299 1592 1731 1742 1798 1799 1883 2220 2265 2371 2444 2446 2510 2540 2809 2871 3084 3085 3108 3112 3341 3463 3837 3919 3923 4055 4259 4264 4415 4422 4433 4516 4622 4882 4902 4903 4940 
198 252 955 1649 1739 3116 3474 3801 3945 4111 4347 4527 4900 
131 235 453 806 1049 1289 1554 1712 2106 2208 2628 3105 3214 3241 3471 4140 4334 4535 4576 4675 
427 741 983 1035 1358 1925 1994 2087 2163 2206 2439 2482 2579 2782 3249 3461 3811 3896 4042 4305 4389 4543 4881 4889 4899 4907 4910 
1192 1235 1575 1816 1875 2260 2925 3113 3143 3601 3875 4047 4524 4611 4655 4656 4842 4939 
69 94 320 323 443 461 525 760 777 832 1473 1482 1490 1593 1611 1638 1756 1943 2289 2350 2629 2689 2740 3120 3184 3243 3541 3554 3726 3881 3933 4122 4479 4627 4772 4789 
183 455 576 712 923 1012 1512 1615 1769 2088 2463 2675 2835 2949 3036 3102 3294 3398 3701 3902 3999 4034 4114 4649 5000 
469 485 518 569 698 740 1033 1258 2474 2972 3167 3330 3501 3582 3735 3765 3914 4105 4916 
140 268 301 653 859 1810 2537 3198 3259 3766 3839 3974 4056 4108 4175 4796 4934 
207 452 463 466 629 1362 1518 1591 1797 2189 2399 2529 2573 2627 2746 2853 2876 2902 2923 3239 3394 3967 4356 4673 4714 4728 
236 516 1628 2082 4176 4303 
115 229 1204 1383 1718 1763 2164 2222 2251 2600 3308 3356 3375 3473 3843 3964 4054 4158 4600 4727 
142 527 2058 2701 3525 3814 3826 4188 4398 4420 4541 4549 4560 4613 4652 4933 
222 584 627 713 866 1246 1270 2708 2965 3140 3686 4779 4788 
38 800 1090 1231 1238 1541 1681 1706 1719 1791 1839 2824 2966 2973 2994 3456 3499 3574 3585 3815 4312 4580 4734 4746 
416 729 861 927 962 1005 1029 1523 1595 1687 2260 2300 2504 2570 2649 2677 2811 2881 2922 3061 3170 3515 3639 3734 3753 3922 4208 4373 4446 4448 4476 4602 4657 4884 
53 119 136 197 300 403 419 654 761 1017 1444 1658 1938 2036 2044 2071 2076 2098 2202 2228 2347 2402 2763 2959 3352 3523 3545 3597 3659 3687 4283 4327 4408 4518 4648 4788 4835 4848 4968 4972 
411 426 559 2049 2104 2110 2474 2650 2882 3320 3392 3570 4616 4666 4763 4807 
238 398 1006 1144 1200 1258 1320 1538 1557 1745 1914 2097 2347 2361 2836 3065 3073 3083 3267 3282 3345 3521 3673 3969 4071 4361 4538 4927 4967 
341 444 794 2001 2178 2297 2811 3051 3379 3733 3825 4010 4584 4954 
194 348 536 844 989 1071 1480 1945 2457 3042 3086 3097 3251 3282 3332 3462 3527 3713 4010 4467 4643 4849 4923 
52 361 763 993 1162 1466 1560 1584 1597 1644 1842 2597 3171 3261 3828 4641 
211 276 341 591 594 737 986 1324 1372 1410 1525 1822 2170 2284 2521 2592 2756 2791 2807 2992 3158 3252 3471 3792 4053 4165 4186 4359 4556 4581 4634 4638 4803 4831 4958 
34 45 120 570 780 867 959 1151 1207 1224 1402 1465 1660 1704 1732 2379 2487 2578 2645 2854 2905 3092 3141 3188 3197 3244 3310 3415 3439 3441 3481 3764 3786 3803 3918 3967 4038 4063 4089 4161 4609 4660 4705 4815 4914 
51 164 180 383 429 527 762 779 789 804 839 847 872 1131 1191 1437 1515 1525 1601 1611 1916 1937 2038 2278 2472 2530 2737 3038 3142 3195 3270 3315 3373 3445 3502 3637 3757 3860 3950 3951 4013 4043 4051 4061 4112 4314 4538 4677 4793 4868 4876 4931 4976 
175 382 752 902 973 1187 1298 1313 1582 2503 3745 3957 4224 4625 4773 4815 4862 
1625 2146 2533 2614 2815 2873 3088 3213 3552 3846 3971 4088 4159 4262 4285 4632 4653 4682 4758 
43 301 600 622 742 750 768 808 1251 1290 1357 1408 1621 1710 1729 1740 1942 1974 2253 2348 2370 2420 2489 2514 2661 2685 2833 3011 3205 3257 3306 3361 3686 3840 3916 3975 3995 4021 4110 4167 4168 4200 4254 4260 4280 4440 4550 4578 4711 4733 4735 4879 4964 
41 728 1464 1958 2750 3293 3586 3839 4262 4534 4577 4652 4828 
215 1070 1741 2157 2369 2619 2672 2741 2762 3043 3183 3209 3490 4120 4733 
13 110 185 396 689 823 854 1265 1328 1673 1794 2029 2540 2924 3007 3508 3896 4001 
356 1096 1810 2065 2318 2842 3265 4064 4079 4228 4247 
1175 1580 1599 2463 2679 3283 3294 3701 3950 4127 4195 4309 4585 4908 4956 
27 66 112 127 182 241 304 478 513 521 660 674 815 891 1628 2290 2493 2507 2508 2590 3046 3256 3342 3723 3748 4088 4176 4284 4303 4340 4571 4638 4710 4713 4951 4986 
37 92 266 647 1119 1417 1433 1436 2024 2156 2291 2337 2351 2488 2563 2609 2652 2658 2738 2762 2834 2994 3034 3351 3477 3788 3805 3842 4261 4381 4497 4521 4865 
11 16 165 200 318 534 856 1094 1261 1284 1377 1399 1649 1723 1999 2016 2032 2102 2640 2970 3039 3116 3242 3245 3362 3472 3662 3954 4026 4354 4813 4937 4970 4990 

732 1398 2624 3460 4503 
257 351 475 603 830 1137 1329 1424 1919 1956 2121 2633 2827 3074 3221 3439 3747 3797 4997 
317 646 972 1204 1504 1656 1665 1853 1866 2116 2255 2544 2921 3584 3864 4023 
42 328 633 725 883 1242 1354 1418 1485 1488 1565 1595 1779 1796 1804 1864 2027 2047 2076 2095 2196 2308 2340 2737 2860 2878 2892 3012 3438 4135 4244 4333 4542 4650 4886 4905 
51 103 154 248 412 441 504 573 1045 1259 1318 1569 1614 1709 1897 1978 2110 2181 2319 2341 2549 2604 2667 2670 2691 2828 3203 3230 3326 3346 3427 3440 3671 3774 3894 4128 4389 4501 4998 
72 221 337 343 364 413 490 518 1044 1261 1531 1551 1630 1705 1778 1893 1928 2015 2054 2105 2127 2376 2442 2526 2569 2704 2707 2757 2761 2808 2847 2990 2991 3053 3110 3114 3164 3231 3395 3591 3628 3946 4004 4395 4597 
297 656 922 1461 2109 2342 2397 2792 3526 3870 3912 4249 4536 4993 
44 77 134 751 1207 1507 1725 1740 2122 2321 2388 2621 3624 4100 4514 4658 4662 
87 249 334 353 374 397 479 499 535 647 736 1020 1096 1130 1214 1548 1698 1728 1841 1927 2119 2120 2203 2644 2772 2913 3402 3697 3711 3917 4064 4218 4301 4302 4425 4765 4852 4921 
126 252 285 340 548 825 1288 1450 1602 1677 1939 2039 2048 2216 2244 2517 2681 2745 2885 3014 3033 3059 3161 3192 3262 3714 3731 3949 4000 4071 4285 4527 4646 4796 4915 4984 
42 514 838 1067 2033 2137 3119 3138 3166 3172 3635 4149 4335 4506 4595 4828 
19 930 1364 1512 2588 2768 2794 3010 3577 3859 4425 4618 
339 349 476 596 775 866 1345 1776 2133 2555 3063 3073 3113 3373 3383 3406 3448 3577 3796 3800 3948 4096 4580 4854 
39 62 111 429 509 512 541 595 860 1008 1014 1117 1646 1676 1692 1791 1879 2101 2113 2357 2392 2637 2681 2754 2914 3018 3123 3340 3449 3483 3487 3539 3612 3653 3724 3753 3770 3874 3915 3958 4170 4208 4305 4362 4454 4491 4695 4698 
487 1348 1549 1580 1952 3264 3283 3672 3773 4008 4127 4309 4585 4730 4908 4956 
46 441 908 1662 1713 1831 1856 1964 2070 2301 2690 2947 3194 3245 3630 4494 4525 4540 4559 4668 4713 4891 
357 418 445 679 1034 1498 1561 1913 3576 4379 4509 4985 
29 35 626 876 889 933 1239 1342 1385 1846 1900 2030 2294 2299 2432 2452 2485 2498 2501 2560 2708 3035 3363 3516 3699 3751 3808 4015 4060 4222 4344 4606 4671 4755 4781 4999 
24 332 424 1566 1722 1736 1994 2142 2751 3106 3272 3461 3545 3591 3811 4229 4434 4881 4910 
453 475 605 986 1036 1200 1378 1485 1539 1696 2275 2790 2992 3559 3873 4320 4558 4576 4867 
94 331 556 654 724 759 847 1294 1413 1583 1635 2118 2366 2418 2429 2729 2786 2875 3004 3159 3435 3517 3550 3674 3858 3931 3983 4025 4123 4156 4267 4515 4563 4708 4739 4838 4875 

183 377 538 996 1217 1827 2781 2975 3177 3303 3504 3848 3862 3976 4572 4700 4821 4847 
65 531 843 1003 1225 1236 1892 1929 1988 2031 2620 4612 4964 
130 144 166 204 230 294 629 774 822 853 895 1033 1048 1068 1104 1167 1430 1439 1456 1737 1788 1800 1804 1942 1996 2123 2280 2283 2306 2388 2541 2639 2932 2975 2998 3005 3081 3149 3190 3240 3306 3371 3403 3621 3778 3867 3882 3893 3937 4046 4162 4248 4273 4332 4346 4462 4464 4530 4564 4612 4830 
302 507 517 586 939 971 1220 1293 1296 1448 1571 1651 1792 2115 2157 2179 2213 2447 2536 2647 2723 2769 2904 2971 3143 3262 3474 3806 4102 4317 4469 4960 
198 461 462 482 682 810 916 1262 1271 1303 1339 1435 1600 2030 2368 2651 2862 2891 2935 3046 3050 3051 3132 3156 3302 3318 3324 3327 3379 3537 3733 3814 4027 4072 4139 4326 4407 4625 4802 4952 
69 274 525 1185 1301 2289 2691 3327 3347 3424 3447 3581 3638 4122 4789 
77 201 344 482 1256 2194 2250 2470 2978 3066 3104 3109 3160 3168 3570 4171 
63 1121 1543 1807 1811 1908 2328 2494 2775 2934 3484 4107 4196 4498 
15 57 239 650 858 914 991 1150 1773 1898 1984 2440 2606 2688 2704 2787 3007 3030 3040 3060 3109 3175 3243 3431 3514 4104 4400 4703 4892 
327 582 853 961 1703 2018 2473 2617 2770 3434 3459 3668 3877 4027 4062 4934 
68 156 934 1076 1661 1732 1917 1959 2126 2201 2784 3370 3475 3557 3873 4214 4350 4654 4980 
54 707 770 903 921 1050 1148 1451 1532 1733 2353 2629 3712 3780 4597 4771 4777 4843 
50 88 795 1030 1644 1669 2124 2843 3135 3226 3947 4820 
14 282 1221 1459 1770 2117 2609 2880 3152 3736 3989 4427 4603 
131 147 206 237 726 1080 1181 1195 1415 1541 1609 1653 1775 2129 2233 2334 2360 2414 2553 2863 3104 3181 3211 3393 3688 3705 3761 3815 3853 3854 3876 4028 4386 4478 4569 4869 4938 
176 269 564 671 688 992 1819 1910 2331 2431 2477 2822 2911 3166 3354 3452 3906 4287 4829 4844 
171 313 616 918 1324 1456 1822 2055 2951 3205 3252 3666 4099 4368 4851 
21 295 529 1188 1458 1591 2237 2344 2438 2468 2566 3337 3386 4200 4513 4562 4747 4835 
68 224 553 588 1253 1422 1486 1789 1828 1890 2006 2217 2651 2955 3013 3284 3385 3450 3476 3538 3579 3636 3651 3720 3721 3775 4254 4722 4771 
286 655 765 1163 1471 1610 1678 1817 1963 2051 2143 2201 2325 2670 2731 2783 2817 2843 3869 4113 4351 4409 4531 4775 
823 865 889 945 1056 1084 1231 1491 1854 2755 2770 2901 3080 3497 4081 4163 4202 4594 4730 
57 85 825 895 897 1012 1622 1843 2267 2277 2406 2415 2603 2734 2749 2967 3103 3231 3605 3614 3655 3927 4090 4124 4184 4201 4278 4316 4853 
12 274 372 1038 1042 1568 1619 1795 1831 1989 2149 2430 2581 2582 3189 3429 3590 3665 3746 3819 3842 3889 3921 3953 4048 4605 4901 
17 315 546 649 873 1091 1159 1385 1443 2034 2220 2894 2932 3070 3105 3132 3532 3807 4232 4308 4706 
730 1366 1781 1832 1859 2837 3103 3254 3302 3422 3795 3817 4119 4148 4221 4281 4738 
8 205 496 635 673 1133 1179 1268 1334 1394 1670 1679 1836 1887 1977 2525 2788 2933 3049 3069 3685 3692 3885 4166 4602 4610 4635 4716 4764 
426 1517 1666 1683 2706 2793 2861 3072 3416 3900 4007 4367 4510 4595 4917 4991 
367 790 1484 1750 1995 2140 2206 2512 2518 2653 3019 3057 4094 4295 4310 4358 
36 142 240 397 563 1124 1495 1510 1637 1652 1860 1953 2011 2310 2496 2594 2596 2705 2906 2909 2926 2931 3227 3336 3349 3429 3458 3546 4130 4220 4483 
339 473 936 1178 1271 1432 1826 1980 1982 2085 2197 2590 2774 2849 2920 3138 3250 3405 3468 3511 4328 4756 
679 833 1190 1749 2109 2342 2397 2667 3362 3526 3912 3929 4109 4249 4536 4616 4993 
1165 1579 1629 2044 2238 2361 2460 2804 2831 3285 3342 3400 4472 4525 4681 4883 4895 4896 4932 4947 
280 438 657 766 817 937 1110 1353 1777 1884 2293 2304 2598 4250 4369 
75 189 302 826 1297 1607 1622 2117 2632 2943 3193 4410 4543 4617 4759 
366 521 1077 1103 1197 1888 2182 2587 2607 2813 2944 3513 4387 4574 4939 
247 420 644 1130 1172 1845 2035 2216 2235 2313 3351 3414 4074 4245 4791 4899 
152 369 1766 1954 2710 2846 3322 3353 3355 3522 3564 3807 3851 3864 4428 
307 409 1337 1527 1872 2075 2256 3045 4337 4552 4573 4599 4760 4870 4922 
988 1318 2598 2602 2870 3440 3941 4197 4221 4406 4413 4451 4641 4809 
5 522 1060 1285 1499 1821 3221 3263 3277 4633 4749 4878 
174 208 264 392 547 575 693 851 1000 1112 1175 1366 1462 1556 1903 2084 2111 2380 2416 2467 2471 2481 2533 2611 2685 2765 2874 2912 3002 3117 3237 3314 3330 3399 3566 3602 3813 4151 4272 4429 4779 4935 
507 1040 1442 1573 1581 3028 3322 3740 3942 4422 4519 4634 
18 25 28 103 112 220 388 652 783 1202 1475 1484 1489 1750 1851 1930 2015 2780 2807 2814 3057 3137 3331 3732 3914 4057 4080 4310 4541 4542 4971 
60 180 333 524 551 689 738 767 799 803 1178 1205 1847 2524 2554 2635 2684 2999 3438 3568 4227 4279 4322 4493 4810 4812 4877 4997 
278 312 833 864 915 977 1275 1282 1632 2356 2481 2895 2913 3206 3232 3281 3287 3345 3417 3703 3812 4024 4454 
31 47 159 266 353 406 938 987 1211 1588 1899 2161 2191 2258 2267 2307 2337 2424 2491 2558 2658 2671 2674 2723 2943 3558 3852 4031 4402 4923 
528 619 1073 1182 1433 1477 2735 3142 3898 3928 4311 4750 4911 
141 588 757 948 977 1002 1168 1278 1724 1745 1844 2607 3340 4032 4179 4473 4548 
40 63 80 123 202 537 642 708 891 1079 1142 1393 1686 1695 1857 1865 1891 2079 2288 3328 3754 3820 3829 4133 4217 4318 4411 4478 4486 4664 4826 4973 
76 201 381 685 1022 1702 1746 2335 2591 2899 2928 3199 3217 3483 3488 3521 3610 3643 3739 3903 4016 4894 
175 393 562 752 950 973 1538 1582 1721 2036 2557 2733 3413 4078 4084 4224 4862 
92 279 403 421 539 789 1276 1287 1429 1706 1890 1968 2066 2153 2281 2721 3310 3311 3780 3784 4005 4367 4390 4394 4510 4871 4898 4917 4991 
388 652 747 1355 1441 1930 1984 2227 2542 2712 2829 3174 3783 4785 4811 4942 4971 
146 345 375 638 1054 1902 2170 2173 2432 3316 3352 3357 3563 3658 3802 4020 4397 4432 4447 4558 4717 4839 
523 1192 2000 2040 2259 2333 2372 2458 2604 2610 2727 2916 2960 3111 3412 3423 4066 
120 399 406 538 558 584 793 827 1289 1754 1848 1941 1973 2062 2383 2468 2895 2993 3154 3476 3596 3603 3655 3872 3904 3909 4086 4295 4364 4375 4593 4783 4966 4985 
58 93 122 532 1137 1379 2100 2396 2521 2816 3091 3768 4103 4554 4591 4706 4994 
145 416 630 664 1343 1405 1419 2070 2128 2301 4233 4511 4701 4858 
215 433 695 881 1392 1734 1748 1874 2174 2991 2999 3264 3718 4452 4461 4778 
717 782 820 1311 1406 1784 2124 2205 2617 3098 3185 3415 3533 3619 3747 4455 
7 554 717 805 1127 1138 1179 1695 2053 2083 2177 2185 2240 2528 2726 3025 3511 3539 3847 4147 4182 4265 4299 4306 4441 4458 4696 4710 4718 4743 4772 4841 
91 292 714 924 1284 1445 1623 1684 2525 3548 3938 4388 4932 
206 226 427 479 498 580 606 701 785 786 984 1038 1102 1395 1508 1511 1521 1650 1821 1998 2008 2074 2152 2299 2400 3200 3206 3270 3366 3382 3492 3736 3741 3802 3861 3956 4256 4290 4323 4368 4452 4565 4608 4626 4846 4887 4953 4967 
22 289 2183 2223 2358 2436 2462 2638 2887 2981 4026 4213 4801 4830 4949 
158 491 849 1674 1976 2266 2405 2645 2725 2841 3642 3772 3997 4298 4360 4581 4671 
150 465 505 706 750 841 871 879 925 1167 1483 1868 1911 2375 2387 2961 2963 3248 3583 3724 3809 4435 4551 4700 
284 617 753 764 943 1018 1065 1075 1693 2130 3650 3744 4030 4307 4894 4943 
481 1309 2060 2265 2662 3491 3838 3906 4029 4033 
1205 1216 1266 1439 2107 2308 2364 2368 2390 2709 2840 3991 4823 4883 4975 
184 376 692 1368 1436 1862 2108 2136 2183 2300 2386 2398 2572 2623 2747 2837 3407 3799 4396 4880 
66 98 174 772 1522 2326 2386 2403 2613 2686 2980 3058 3268 3299 3354 3367 3871 3936 4002 4164 4207 4294 
13 185 603 854 1265 1359 2029 2828 3377 3508 4179 4500 4513 
102 218 966 1212 1552 1867 1955 2303 2476 3155 3647 4143 4489 
297 404 424 677 790 978 995 1094 1681 1699 2671 3068 3496 4227 4241 4471 4860 4865 4928 
243 501 626 675 801 1097 2005 2249 2730 3706 3742 3782 3794 4382 4502 4683 4688 
347 448 659 660 676 680 1584 1689 2349 2527 2669 2855 3121 3201 3256 3278 3422 3626 3913 4520 4951 4972 
48 138 335 370 376 492 648 787 898 944 1047 1229 1390 1493 1640 1645 1713 1793 2241 2298 2331 2341 2622 2966 3096 3171 3696 3779 3857 3933 4003 4526 4561 4754 4857 4909 4960 4965 
328 721 827 882 947 1032 1329 1518 1666 1936 1969 2007 2037 2067 2138 2441 2539 2680 2898 2923 2926 2996 3121 3286 3312 3412 3426 3498 3509 3681 3716 4177 4288 4673 
736 744 748 802 1561 2332 2917 3088 3210 3348 3358 3366 3462 3670 3868 4509 4643 
319 355 371 395 478 560 587 885 997 1105 1111 1181 1435 1948 2064 2099 2221 2375 2752 3357 3594 3930 4099 4318 4668 
113 146 161 362 369 391 1283 1802 2561 2879 3009 3331 4400 4592 4734 4851 
27 217 220 591 692 1031 1337 1416 1535 1599 1727 1882 2097 2148 2389 2394 2444 2675 2760 2903 3036 3240 3290 3398 3402 3587 3931 3980 4078 4114 4230 4268 4475 4537 4672 4761 4806 4827 4925 4949 5000 
727 800 900 1142 1306 1317 1621 2411 2501 2835 2853 3544 3752 3754 4275 4385 4486 4586 4624 4723 4920 4973 4987 
71 107 108 132 229 325 360 549 602 639 904 1074 1217 1305 1450 1499 1536 1544 1726 1753 1838 1861 1880 2112 2158 2434 2605 2612 2880 3052 3107 3165 3247 3333 3425 3656 3833 4240 4242 4329 4445 4601 4640 4800 4861 4961 
18 20 191 276 278 362 400 451 459 850 947 1375 1524 1961 2186 2196 2313 2410 2679 2844 2868 2983 2995 3141 3223 3287 3300 3510 3609 3818 3878 3932 3988 4052 4059 4117 4191 4234 4265 4342 4702 4712 4847 
2 43 532 543 814 1216 1492 1624 1631 1685 1700 1840 2077 2159 2239 2271 2307 2391 2395 2502 2524 2834 2877 2910 3158 3177 3220 3260 3296 3503 3750 3968 4041 4085 4289 4699 4764 4823 4876 4890 4969 
104 162 458 609 690 792 1080 2052 2069 2626 2857 4115 4142 4199 4599 4837 
219 565 572 896 1093 1247 1273 1300 1308 1431 1437 1901 2094 2412 2589 2758 3165 3553 

78 438 469 974 1233 1490 1964 2161 2175 2193 2314 2321 2377 2449 2507 2938 2963 3162 3213 3654 3810 4126 4885 4926 4983 
334 480 699 824 1161 1223 1315 1664 1949 3015 3191 3519 3729 4258 
389 513 785 797 1348 1877 2234 2296 2355 2366 2927 3006 3075 3420 3566 3645 3660 3666 3791 3852 4417 4442 4645 4737 4918 4983 
909 1339 2059 2141 2323 2646 3067 3555 3867 4187 4223 4802 4920 
260 470 672 1906 2032 2145 2404 2450 2753 3047 3215 3604 3708 3849 4036 4197 4304 
114 128 336 519 730 756 834 1023 1224 1325 1520 1547 1620 1624 1876 2017 2072 2176 2259 2261 2322 2324 2489 2830 2891 2893 2915 3023 3076 3082 3178 3291 3333 3549 4198 4214 4251 4598 4687 
55 337 435 544 975 1153 1218 1325 1409 1981 3053 3615 3683 3855 
401 1234 1400 2003 2930 3496 3527 4471 4928 4982 
1 352 828 960 1136 1242 1322 1381 1389 2043 2046 2155 2332 2631 2683 2797 3133 3174 3234 3297 3360 3401 3490 3997 4075 4147 4482 4782 4792 4814 4891 4979 
687 1051 1645 1802 1847 1862 2381 2398 2594 4619 4628 4647 
139 148 149 178 434 694 774 1042 1083 1122 1195 1219 1330 1332 1479 1526 1572 1587 1673 1781 1950 2112 2188 2190 2434 2656 2832 2976 3048 3598 3804 3953 3960 3984 4106 4271 4403 4463 4477 4850 
2 5 604 776 805 1323 1397 1491 1550 1698 1916 1968 2292 2325 2542 2687 2703 2736 2793 2804 2951 3266 3443 3663 3689 3734 4012 4204 4216 4345 4450 4633 4647 4749 
44 290 483 578 621 751 968 1129 1140 1476 1562 1970 2363 2451 2536 2791 2839 2841 2971 3168 3449 3482 3501 3569 3582 3606 3616 3624 3626 3652 3675 3727 3769 3790 3894 4237 4297 4488 4648 4651 4721 4829 4871 
64 190 620 1587 1641 1905 2045 2121 2226 2254 2403 2475 2810 4152 4383 4562 4873 
169 440 504 583 769 901 967 982 1083 1575 1667 1720 2200 2824 2983 3296 3391 3456 3705 3993 4031 4083 4192 4824 4864 
251 385 514 1227 1355 1857 1921 2227 2713 2829 2920 3510 3977 4097 4286 4302 4341 
80 135 267 346 382 724 913 1310 1449 1545 1730 1747 1777 1863 2202 2781 2908 2935 2938 2948 3497 3578 4398 
4 122 324 813 905 979 1148 1213 1254 1302 1340 1904 2452 2523 2538 2595 2657 2939 3033 3215 3253 3339 3388 3563 3620 3623 4056 4091 4093 4152 4266 4325 4416 4583 4696 4808 
3 10 448 722 941 1024 1160 1208 1241 1426 1809 2276 2311 2348 2421 2528 2744 2779 2936 2937 3407 3999 4436 4502 4667 4996 
136 460 640 672 816 1134 1276 1319 1331 1865 2049 2586 2941 3134 3371 4666 4897 
26 32 61 90 139 421 643 645 739 857 1059 1122 1257 1293 1326 1347 1402 1425 1453 1559 1788 1829 1832 2001 2094 2132 2204 2311 2353 2483 2490 2585 2759 2789 2900 2941 3122 3204 3225 3230 3308 3432 3495 3518 3536 3565 3573 3684 3743 3787 3863 3934 4030 4131 4392 4434 4500 4512 4564 4929 4948 4974 4992 
96 223 291 316 342 355 412 471 520 522 777 926 1305 1412 1470 1589 1612 1716 1814 1834 1852 2096 2107 2128 2302 2315 2423 2443 2601 2806 2814 2821 3148 3430 3535 3617 3901 4154 4282 4321 4496 4604 4774 4786 4863 4919 4938 4963 
310 797 1578 1846 2872 2897 3126 3207 3360 3742 3777 4132 4468 4482 4582 4726 4962 4989 
213 567 1417 1421 1594 1636 2320 2344 2456 2649 3856 4667 4726 4812 4872 
59 210 783 807 887 949 980 1004 1158 1278 1356 1708 1803 2138 2232 2630 2892 2918 3648 3832 4141 4371 4998 
450 561 1011 1176 1650 2175 2198 2247 2329 2497 2509 2513 3347 3638 3844 4167 4404 4913 
29 407 599 711 1026 1055 1232 1738 1774 1972 2219 2309 2654 2768 2798 2886 3044 3235 3397 3599 3715 3784 4144 4325 
125 311 378 431 432 743 745 835 1316 1438 1633 1780 1894 2003 2050 2252 2297 2982 3090 3211 3410 3648 3697 3758 3773 3831 4068 4146 4315 4404 4485 4791 4987 
79 172 277 640 1343 1413 1519 2013 2022 2139 2250 2287 2581 2732 2833 2850 2907 3027 3150 3176 3408 3678 3830 3834 4363 4677 
1283 1376 1446 1497 1606 2268 3207 3292 3324 3537 4199 4418 4752 4905 4968 
62 105 578 631 725 882 890 899 1092 1143 1279 1639 1691 1758 1915 1975 1989 2156 2438 2589 2625 2663 2699 2977 3136 3224 3396 3536 3595 3979 3996 4006 4019 4037 4058 4336 4505 4567 4683 4725 4729 4740 
84 393 542 950 1632 1721 2178 2322 2461 2703 2733 2946 3241 3395 3413 3555 4084 4094 
305 678 1001 1069 1113 1564 2165 2282 2339 3519 4741 
101 405 465 642 668 1598 1820 1861 2189 2484 2492 2972 3001 3126 3328 3493 3829 3899 4579 
17 117 157 288 391 1321 1642 1931 2478 2845 2984 3238 3499 3728 3851 3955 4125 4219 4385 4539 4707 4942 
19 110 124 486 596 1367 1460 2222 2659 2826 2952 3010 3072 3465 3466 3859 4618 
745 1411 1429 1636 1717 1837 1852 1878 2073 2078 2192 2546 2606 2962 3055 3067 3124 3418 3420 3436 3468 3543 3717 3755 3976 4087 4193 4215 4279 4332 4453 4456 4532 4534 4669 4906 4981 
133 351 484 743 954 1388 1895 2002 2695 2777 2785 2788 2929 2940 4238 4276 
308 404 477 512 548 553 684 828 970 1149 1173 1183 1269 1328 1558 1596 1739 1767 1808 1904 2531 2719 3040 3179 3210 3217 3446 3479 3567 3700 3869 4062 4338 4376 4432 4504 4661 4719 4752 4816 4912 4957 4963 
503 510 1282 1367 1555 2564 2623 2634 2647 2696 3275 3364 3730 3965 4300 4933 
108 740 1509 1537 1635 1946 1960 2236 2242 2511 2565 2773 2866 3145 3266 3378 3560 3613 3816 3910 3940 3961 4044 4361 4930 
105 163 561 577 624 658 963 1015 1082 1201 1530 1577 1586 1722 1798 1881 1958 2218 2229 2460 2500 2547 2660 3249 3301 3469 3542 3669 3738 3856 4499 4589 4623 4892 
37 233 329 667 842 1097 1100 1194 1361 1627 1839 1956 2239 2561 2616 2634 2678 2799 2957 3008 3254 3323 3392 3500 3632 3835 4298 4742 4744 4902 

819 1166 1566 1711 2262 2286 2842 3077 3182 3246 3280 3502 3716 3862 4063 4653 
255 273 431 495 681 788 812 985 1114 1171 1230 1461 1825 2455 2819 2888 3095 3790 4185 4222 4529 4674 
227 313 468 676 690 1013 1057 1066 1106 1156 1164 1188 1547 1625 1833 2162 2182 2345 2532 2615 2771 2817 2863 2942 3032 3078 3091 3147 3278 3321 3442 3562 3759 3970 4101 4293 4379 4412 4495 4566 4621 4736 4777 4853 
25 155 394 414 540 716 910 928 951 1016 2800 2894 3056 3255 3369 3865 4083 4307 4676 
52 199 419 932 1501 2147 2230 2316 2698 3031 3668 3973 4128 4190 4635 4852 
300 733 832 1245 1344 1377 1763 1924 2154 2188 2246 2281 2374 2441 2490 2552 2827 3093 3507 3572 3615 3644 3770 3884 3972 3994 4155 4596 4656 4721 
298 312 447 454 481 693 720 875 942 1044 1119 1153 1193 1239 1287 1380 1434 1513 1527 1687 1707 1737 1785 1816 1859 1872 1932 1986 1999 2013 2050 2068 2082 2093 2136 2148 2150 2180 2184 2270 2314 2680 2742 2799 2884 2905 2969 3186 3187 3209 3229 3356 3386 3520 3531 3593 3630 3683 3817 3888 3963 4014 4085 4110 4170 4204 4212 4250 4353 4401 4418 4523 4552 4557 4760 4766 4814 4859 4922 
24 605 771 840 999 1280 1696 2945 3063 3479 3993 4365 4466 
111 217 446 696 726 819 940 1184 1345 1603 1998 2269 2329 2330 2336 2673 3118 3457 3528 3534 3892 3980 3987 4070 4076 4183 4291 4481 4629 4694 4724 4982 
259 869 952 1046 1496 1516 1605 1873 3480 3594 3924 4353 4370 4607 
1009 1190 1326 1610 1652 1940 2042 2090 2108 2731 2783 3580 3704 3925 3978 4045 4345 4409 4880 4888 4948 
160 283 326 506 862 1052 1069 1126 1145 1346 1369 1370 1376 1454 1457 1743 1779 2025 2268 2362 2417 2435 2461 2551 2608 2749 2815 2862 3101 3128 3233 3292 3964 4255 4296 
14 373 488 770 958 1147 1338 1427 1520 1528 1548 1668 1944 2021 2091 2211 2269 2359 2364 2393 2869 3003 3304 3374 3389 3424 3627 3633 3885 3966 4011 4134 4189 4205 4261 4507 4644 4818 4832 4895 
415 886 1057 1203 1503 1669 1715 1912 2160 2778 2830 2846 3125 3353 3529 3547 3809 3825 4141 4180 4294 4330 4591 4709 4741 4855 
74 511 602 985 1086 1475 1620 1671 1794 2046 2072 2454 2795 3020 3094 3637 3649 3721 3764 3796 3948 3977 3992 4035 4066 4203 4497 4885 
436 589 773 1381 1662 1813 2209 2346 2823 4376 4435 4537 4686 
195 295 299 363 365 384 396 439 486 517 577 764 822 1244 1514 1590 1765 1922 1925 2028 2122 2184 2244 2274 2505 2655 2787 2867 3037 3093 3169 3276 3305 3350 3691 3783 3975 4169 4260 4331 4399 4401 4414 4490 4685 4690 4753 4767 4834 
100 231 305 515 798 1025 1463 2367 2433 2697 3338 3689 4568 4665 4804 
73 109 287 508 590 969 1296 1694 1934 2243 2445 2924 3222 3676 3929 4453 4848 4924 4945 
167 250 399 467 567 609 646 796 1227 1272 1335 1351 1529 1602 1655 2111 2168 2857 2904 3699 3702 3740 3787 3827 3876 3911 3943 3981 4460 4465 4631 4703 
290 529 776 968 993 1384 1609 2480 2851 2865 3588 4049 4082 4163 4269 4419 4639 4768 
193 592 998 1528 1751 2620 3387 3935 4236 4659 4781 4995 
187 228 408 791 824 899 1021 1154 1197 1277 1349 1386 1478 1534 2025 2063 2166 2172 2285 2482 2752 2864 2958 3119 3274 3486 3494 3617 3737 3942 3978 4057 4069 4173 4178 4211 4314 4349 4377 4470 4480 4614 4820 4860 
